500
407 216 10
149 260 9
433 367 1
228 287 3
275 377 7
81 100 4
449 41 4
76 429 3
109 160 7
151 71 4
189 215 1
221 86 5
363 40 10
356 154 9
441 67 2
479 314 5
479 312 10
337 149 3
192 326 8
373 142 3
119 275 7
345 422 8
52 58 8
303 222 4
274 472 4
234 4 4
138 9 6
470 134 6
279 151 3
69 356 9
404 432 2
155 202 6
302 279 10
35 43 3
64 194 8
85 217 6
217 2 3
481 90 3
87 49 5
30 91 4
164 399 1
198 96 2
243 82 2
416 210 4
143 147 9
406 71 9
451 266 6
479 136 2
6 247 7
125 293 1
392 280 7
115 188 7
132 414 10
59 336 4
15 22 5
333 90 8
338 245 6
276 287 3
167 332 3
423 424 7
465 291 10
37 109 1
288 349 3
243 39 1
131 438 10
206 154 1
169 92 4
397 273 10
131 78 9
261 167 6
229 119 6
415 205 1
225 196 2
192 444 5
38 389 1
349 400 7
68 14 8
187 212 6
236 381 1
254 207 2
257 300 8
425 138 2
81 175 1
467 300 10
290 367 5
311 128 9
330 259 5
334 157 10
360 376 5
34 340 4
220 29 7
63 245 7
496 399 8
225 275 5
39 66 1
248 116 2
457 410 5
459 103 10
80 463 4
485 285 6
415 25 3
104 467 4
414 150 2
326 441 8
130 254 6
337 228 5
389 55 6
9 41 8
332 262 9
496 268 8
183 323 3
190 456 10
122 123 3
238 484 6
157 72 10
131 336 4
120 301 6
170 241 2
372 472 4
393 169 5
453 304 8
105 55 6
56 408 2
5 317 3
242 428 5
371 298 9
153 23 9
361 326 1
360 396 5
328 472 7
136 361 9
451 224 3
420 436 6
374 106 3
446 87 7
8 16 9
236 102 3
334 134 1
183 80 6
339 207 8
339 444 5
381 164 7
292 325 8
480 209 9
294 366 4
40 309 3
206 178 9
409 176 1
442 242 7
386 363 2
40 10 5
112 262 7
37 490 4
439 142 4
188 183 1
169 1 2
84 289 1
298 338 10
125 218 4
201 366 4
446 3 1
486 62 8
137 331 6
329 491 3
239 153 3
381 344 9
349 426 9
111 108 4
467 325 7
408 126 2
444 461 8
168 364 6
343 32 3
117 428 1
87 373 5
412 447 8
177 59 10
175 452 9
312 396 2
436 382 2
205 379 8
372 465 8
405 257 5
36 83 1
99 256 3
331 267 6
167 265 7
151 358 8
456 4 4
414 113 3
421 95 8
96 439 1
17 178 5
480 491 8
230 437 6
166 301 3
115 478 1
437 96 5
220 215 10
341 304 3
174 404 4
156 433 9
484 429 10
408 70 7
316 208 6
302 43 8
412 320 8
54 180 5
331 96 7
84 338 10
274 447 10
305 289 1
443 476 4
66 486 4
132 259 8
188 253 1
21 341 9
145 12 10
87 497 9
69 150 4
344 258 4
419 157 4
406 67 4
215 183 6
469 178 7
343 224 10
254 263 2
30 299 4
454 452 2
1 74 3
150 499 7
485 178 1
181 471 5
213 286 7
338 211 9
335 236 7
226 224 10
5 127 2
17 218 6
264 240 9
117 489 8
243 77 5
126 191 8
289 149 9
223 277 7
278 376 3
307 137 7
368 31 8
138 265 4
252 26 4
479 61 3
434 122 4
285 261 4
309 397 3
436 247 6
426 495 9
255 476 1
205 235 1
300 381 1
435 55 10
458 64 2
358 495 1
356 416 10
157 210 4
399 255 10
467 473 6
339 421 9
298 370 8
408 382 3
474 395 2
380 476 1
418 271 5
222 246 4
370 29 6
220 401 6
165 227 3
377 476 8
499 456 5
375 456 3
120 102 8
485 422 6
16 286 9
203 321 8
188 370 5
324 89 10
320 315 10
487 158 6
56 265 5
346 393 6
51 338 5
316 116 1
15 225 3
478 416 2
53 181 2
59 33 3
486 411 2
170 322 9
236 461 3
141 178 3
3 343 3
443 192 3
254 41 6
162 481 1
105 312 9
473 53 9
287 430 4
367 1 6
260 17 10
351 166 5
298 473 10
330 328 2
10 469 7
475 449 2
72 480 3
447 338 4
156 11 10
313 54 6
470 277 4
338 241 3
332 429 8
146 382 7
301 362 4
340 69 5
77 288 7
98 276 9
365 390 9
10 389 3
163 236 8
363 264 3
81 429 10
300 324 1
484 189 9
324 384 7
162 37 6
180 434 1
460 473 8
79 190 3
483 254 9
100 453 3
444 404 7
339 424 8
218 417 9
264 41 4
339 420 6
209 50 3
284 293 1
464 31 10
184 23 6
460 364 1
320 229 7
122 138 10
284 429 5
177 198 3
55 377 2
85 64 9
207 270 4
257 499 5
44 182 9
92 336 10
237 1 8
206 423 8
220 452 5
466 493 6
376 380 4
24 1 7
5 168 6
458 443 3
155 374 3
295 2 3
81 339 9
101 171 7
177 457 6
291 270 8
107 181 1
180 195 1
306 190 2
464 284 6
416 309 1
184 496 4
236 192 4
252 157 8
171 291 2
351 304 4
371 80 10
144 419 6
476 215 6
214 353 3
326 209 10
278 197 9
332 94 9
411 119 1
429 379 10
382 185 9
475 326 1
257 148 10
314 183 4
345 5 2
404 93 9
53 457 1
20 497 10
272 329 8
320 314 5
407 290 5
286 325 5
143 340 5
327 229 3
73 70 6
204 23 10
364 180 4
113 430 2
380 217 2
373 117 4
87 380 8
460 241 6
119 363 6
228 119 10
134 349 10
280 133 5
479 86 10
167 23 8
10 33 8
500 66 1
469 380 9
262 81 1
398 74 2
203 442 9
179 418 4
459 18 2
112 428 10
416 222 2
140 171 2
483 34 10
474 394 2
192 131 10
70 287 4
142 81 9
38 431 9
155 258 2
497 178 6
67 424 3
84 67 8
488 365 3
114 281 6
87 458 3
413 141 2
224 140 10
59 382 2
143 265 10
498 396 8
486 213 4
456 71 5
381 256 6
473 86 10
390 74 9
214 170 3
208 387 8
50 368 1
78 124 4
86 294 10
344 71 1
303 72 1
356 278 7
421 304 5
147 354 7
452 97 10
44 184 6
329 149 7
264 250 10
132 426 8
36 197 5
190 294 2
282 231 9
370 214 4
54 31 4
398 187 9
311 168 3
221 377 5
429 224 10
231 447 7
66 224 8
9 364 9
483 94 2
456 308 2
29 441 5
415 141 4
245 105 2
172 465 3
399 354 2
279 454 10
302 5 8
4 379 9
262 87 4
78 387 8
73 131 3
93 351 10
18 450 4
32 100 5
213 375 4
293 148 7
367 167 6
248 276 8
49 311 2
20 150 2
236 177 2
43 111 2
242 167 7
175 102 7
257 431 5
19 228 5
248 165 7
370 212 6
150 175 8
39 475 7
418 139 10
268 388 9
133 69 10
240 365 10
411 421 4
237 111 3
369 162 8
65 478 1
327 403 8
89 277 1
413 484 6
447 46 8
111 450 4
275 466 6
288 366 3
246 279 2
62 132 9
398 81 8
277 373 8
228 216 5
169 425 6
232 295 4
225 273 1
11 445 3
428 461 2
84 305 2
256 273 3
473 97 7
392 260 4
340 237 8
349 365 10
321 286 1
196 309 10
240 124 1
243 270 1
467 216 6
51 445 5
330 446 3
365 178 6
240 9 3
1 29 6
491 45 1
8 377 2
414 202 6
357 346 2
143 2 6
386 265 3
348 190 1
460 390 10
234 365 9
307 289 3
439 322 10
305 7 2
367 95 9
185 103 10
146 222 9
294 425 8
111 326 5
312 44 1
401 379 7
47 99 2
27 318 1
335 117 7
434 117 5
274 69 9
6 51 7
315 294 8
3 47 1
486 32 2
314 406 9
86 401 1
89 149 10
495 357 6
222 37 9
320 100 3
140 380 8
415 248 10
420 214 9
435 239 7
294 376 8
290 230 7
112 243 7
354 487 7
171 58 1
205 182 5
462 488 5
444 281 2
114 392 5
182 37 2
94 377 2
82 268 1
431 305 2
428 123 10
400 187 7
345 120 9
316 313 9
53 212 2
405 415 3
390 81 7
402 124 9
328 193 2
494 190 9
316 178 7
461 398 7
492 285 3
444 332 4
381 348 9
93 385 5
153 62 4
182 449 4
115 447 6
309 89 8
208 127 2
435 473 7
62 316 3
17 330 3
348 1 7
267 314 3
70 378 1
350 31 1
425 32 9
340 468 7
436 498 4
206 161 9
69 288 9
387 276 9
378 367 10
473 450 5
498 22 1
180 134 10
413 437 2
341 482 10
256 98 7
216 289 1
270 461 9
320 241 4
70 227 9
423 273 4
287 201 3
439 54 3
112 154 3
318 214 9
267 214 8
302 358 10
246 81 3
101 469 6
371 69 1
88 65 9
146 31 3
399 191 4
160 125 8
463 22 7
386 216 8
310 341 3
149 310 1
202 469 8
398 459 3
293 60 4
283 234 5
53 454 4
436 322 7
59 408 5
403 320 8
243 27 4
447 402 3
154 10 10
199 379 7
254 58 4
78 252 8
494 453 4
314 240 3
143 230 8
167 259 4
35 304 10
493 417 2
433 371 10
206 373 5
134 405 6
308 254 1
325 372 4
453 13 10
277 493 10
470 161 8
307 326 7
477 367 8
95 40 3
296 213 3
391 344 4
217 496 3
60 228 8
18 356 9
247 299 5
20 366 9
243 326 10
416 47 2
257 70 2
437 282 10
469 208 8
110 73 6
71 383 7
240 27 9
406 112 7
352 433 8
308 362 6
57 498 7
321 352 4
253 26 1
458 193 7
149 326 5
214 24 2
146 247 7
223 351 2
368 7 10
63 34 5
222 346 8
50 361 6
320 42 5
12 266 7
185 176 4
356 418 10
162 402 3
186 15 9
282 401 7
45 314 5
57 460 4
118 420 10
466 266 4
304 70 1
409 446 8
214 444 8
119 283 2
393 244 6
388 87 2
332 375 3
458 466 2
336 447 4
162 344 3
315 401 3
287 425 8
237 481 5
146 191 5
357 389 6
281 462 10
167 287 10
89 190 2
190 277 7
23 492 2
384 39 7
134 47 3
453 216 9
441 224 8
370 281 7
367 360 9
349 144 2
363 365 5
300 335 2
356 42 10
77 424 7
455 194 5
481 138 9
259 487 7
114 351 7
431 161 5
168 239 5
337 4 6
44 237 5
212 243 8
440 163 8
166 3 4
73 328 7
394 72 3
278 222 9
115 155 6
329 148 5
157 300 10
118 411 4
229 16 7
107 343 10
439 7 2
423 300 5
308 73 9
243 308 2
126 422 7
98 357 9
92 147 6
303 268 2
193 479 9
359 175 7
354 377 9
210 375 4
219 121 9
243 143 2
460 93 6
415 271 6
471 322 7
215 354 7
71 445 3
232 435 1
393 264 2
288 276 8
452 481 5
343 419 2
257 343 4
221 367 8
330 354 4
484 421 5
230 22 9
284 358 3
170 112 9
145 58 10
460 55 4
397 484 6
314 170 3
75 253 9
267 123 10
82 221 5
435 463 4
473 455 8
491 394 10
109 179 5
398 226 1
140 138 8
460 264 10
145 37 7
457 489 1
298 487 1
486 396 4
484 103 4
64 435 9
176 146 4
479 48 8
251 358 3
345 295 6
334 177 3
226 100 8
243 434 8
289 319 3
18 199 7
414 52 9
99 149 9
140 236 2
175 403 4
360 466 8
150 442 10
49 122 5
159 163 4
412 41 1
282 290 8
355 171 3
390 383 1
220 165 7
296 220 2
115 259 2
430 142 4
166 313 2
77 57 7
98 463 2
155 312 8
79 315 8
109 196 8
430 10 9
152 149 7
387 245 1
183 485 6
406 257 8
140 156 1
181 154 3
304 36 5
109 343 7
241 374 10
230 390 10
287 496 2
95 62 6
231 402 1
494 445 8
152 29 9
216 200 2
258 106 6
499 43 10
43 64 9
205 492 2
335 69 8
374 73 4
296 255 2
216 57 4
33 256 4
291 351 7
38 182 8
347 440 9
484 470 7
387 102 7
401 180 1
324 133 1
247 189 2
174 480 4
476 301 3
375 140 10
162 158 3
214 208 1
121 470 2
259 443 2
117 147 9
280 73 6
370 411 3
395 260 8
346 446 10
50 110 3
90 7 6
88 412 6
324 44 5
453 465 4
356 345 9
340 337 7
380 371 10
203 253 7
267 160 4
357 107 8
128 265 8
114 144 3
395 142 1
50 486 1
213 356 3
459 31 6
337 60 7
71 222 7
469 111 2
346 325 8
148 13 8
150 90 5
416 415 8
326 263 9
110 472 10
419 221 6
83 237 4
402 71 3
191 295 7
39 429 1
124 212 10
136 179 1
41 166 2
350 126 4
159 88 6
57 76 8
116 164 8
460 384 8
149 129 3
245 102 8
342 89 1
108 102 3
7 428 6
285 463 6
40 66 6
93 435 7
122 326 5
156 194 7
256 392 10
261 396 1
278 111 6
431 64 2
439 414 4
383 401 10
25 324 7
243 114 6
219 5 7
251 389 4
86 434 5
324 202 3
216 360 3
262 432 2
250 449 6
12 373 5
490 301 3
188 119 3
477 259 10
235 404 8
190 468 1
260 7 5
73 347 10
412 104 2
325 29 3
155 99 4
300 78 9
60 59 3
320 476 8
315 191 3
426 354 7
424 392 3
378 130 6
411 286 4
7 308 10
444 188 7
395 79 6
88 80 9
407 312 8
104 28 7
486 276 6
433 11 10
466 258 5
280 350 1
77 232 5
205 15 7
343 484 9
442 302 10
367 159 2
221 466 4
12 208 10
499 425 5
231 412 9
247 417 5
259 479 6
230 221 6
448 408 9
26 297 6
10 410 2
288 359 6
75 313 9
433 281 3
149 236 3
406 329 1
412 400 6
462 400 7
394 149 4
361 471 1
217 342 2
289 256 5
431 340 6
160 476 3
386 20 4
409 470 8
399 334 4
473 485 10
111 234 5
9 262 8
382 446 9
75 156 5
238 62 7
317 299 2
333 245 8
219 361 9
450 83 6
363 285 5
406 399 6
15 150 2
114 110 6
172 360 9
189 229 9
452 57 9
242 140 9
441 206 7
13 332 5
78 43 7
109 115 6
164 167 1
365 437 2
188 27 6
255 407 8
349 54 5
462 367 1
151 496 7
413 140 6
471 389 10
250 439 2
283 167 1
347 272 5
26 262 4
179 493 10
33 115 2
31 271 6
292 144 7
461 474 1
357 340 4
11 432 6
29 31 3
280 305 7
93 74 6
321 74 7
150 162 5
230 421 4
378 107 1
472 26 4
347 484 1
311 19 5
31 497 7
146 118 8
450 497 6
38 445 1
469 240 9
62 136 4
218 11 1
309 228 5
440 126 3
9 363 8
327 240 7
166 150 10
118 464 7
134 463 6
218 368 1
468 410 8
383 199 5
223 124 8
254 326 2
436 480 7
109 391 9
180 332 2
408 451 2
86 268 1
248 236 10
73 225 6
480 46 4
71 358 7
259 417 9
458 122 3
405 378 4
156 319 3
295 358 3
78 182 7
397 88 6
7 406 3
101 419 4
398 393 10
421 381 4
495 392 2
344 182 8
370 496 6
282 172 7
474 108 5
86 334 1
449 411 4
346 41 6
321 290 2
385 498 8
128 310 1
98 317 10
273 415 3
265 14 9
372 407 5
322 75 5
326 98 4
339 32 3
412 478 1
177 122 7
152 431 5
9 239 2
106 306 5
225 471 4
479 133 10
287 184 6
244 297 3
156 141 1
180 208 5
99 192 1
91 110 10
195 112 9
488 264 8
468 38 3
19 206 1
404 235 9
77 268 9
198 73 2
213 192 6
42 478 9
383 44 1
304 392 5
136 333 2
445 10 2
53 205 7
178 443 10
429 27 4
143 478 1
416 16 8
301 354 1
129 244 1
329 432 9
59 51 10
273 195 2
114 450 6
37 351 8
451 3 5
113 41 2
456 254 2
3 364 5
48 262 8
47 362 4
217 320 6
28 459 1
359 169 6
290 215 4
220 207 1
182 111 5
169 398 8
55 425 10
333 271 5
72 452 5
346 29 6
77 23 9
87 205 2
29 500 1
364 144 6
49 16 3
174 197 5
110 477 1
118 401 9
68 344 8
310 50 8
234 187 1
389 223 2
341 362 9
258 200 10
30 66 3
412 148 3
79 288 9
20 376 2
134 310 3
83 283 5
388 454 1
30 174 1
23 162 4
195 138 7
212 19 7
424 189 9
124 142 1
262 361 2
327 396 8
142 260 1
145 355 6
122 386 1
281 420 3
294 390 10
225 318 1
458 358 7
168 415 7
364 492 4
11 326 10
391 73 8
250 11 9
294 411 2
431 404 3
236 137 3
311 14 1
373 232 10
365 50 3
333 35 6
489 128 3
399 319 5
108 20 4
446 490 5
277 172 2
98 6 5
129 409 8
315 62 1
258 297 1
188 366 2
262 298 6
103 110 5
452 141 10
148 132 10
177 48 6
125 370 8
310 167 7
137 491 5
262 408 8
486 248 5
330 302 2
258 162 10
269 435 9
263 442 7
347 62 2
313 219 5
328 37 9
497 488 9
465 377 9
389 65 8
445 129 2
298 55 1
291 317 5
26 360 9
146 83 2
370 481 10
279 373 7
287 256 5
244 57 9
133 209 10
307 373 2
366 48 5
131 351 2
422 310 10
98 156 9
153 32 7
190 76 8
192 48 3
239 285 2
298 83 4
466 485 7
194 156 10
282 278 5
155 131 3
428 110 8
180 323 8
180 293 8
66 351 1
52 225 9
121 458 3
114 401 8
409 198 10
374 280 7
22 306 8
403 383 7
46 212 1
341 190 10
303 215 5
165 277 1
424 276 1
391 309 10
256 146 9
96 326 5
490 493 9
271 77 7
258 305 8
469 72 6
121 324 10
209 157 9
431 231 10
289 258 3
317 132 7
39 116 9
85 399 5
357 318 7
435 314 2
265 259 1
303 159 10
197 66 6
299 468 3
488 416 1
74 69 4
393 469 4
445 460 4
275 423 6
471 184 6
468 444 10
396 49 4
313 111 5
80 366 1
414 306 7
424 313 8
265 12 9
373 182 8
300 430 10
40 289 3
318 106 7
145 439 5
98 247 1
61 210 3
443 483 2
498 347 6
436 254 7
313 154 2
155 298 6
99 178 3
165 17 4
162 144 7
420 428 3
175 247 7
166 196 10
125 35 4
389 175 10
13 274 1
199 469 6
480 49 2
291 441 7
199 70 4
305 340 1
393 118 2
134 464 4
66 330 5
382 82 3
13 87 8
427 143 2
410 312 8
176 228 4
341 462 8
11 331 9
228 322 6
87 159 7
188 3 3
102 496 1
237 62 10
423 303 3
176 250 4
222 322 6
136 407 8
118 372 1
185 475 4
197 235 8
206 38 5
418 214 9
136 87 4
169 32 2
44 103 9
1 383 2
218 337 8
430 462 6
72 256 1
359 103 3
317 40 3
351 355 8
484 153 3
94 9 7
224 343 1
65 261 3
298 116 1
477 462 7
19 322 10
83 438 10
125 184 10
354 415 9
227 344 3
188 217 6
243 113 4
379 479 5
86 360 6
127 59 9
430 276 9
149 392 1
433 149 5
398 91 10
10 364 5
443 367 3
395 344 2
441 186 10
260 147 3
294 4 2
181 485 2
393 94 8
165 191 8
54 149 10
477 478 1
457 323 1
299 179 1
390 314 1
214 325 9
388 106 2
54 127 7
152 362 2
347 296 4
60 482 1
8 72 4
125 164 3
218 419 7
308 376 2
385 412 4
354 241 2
163 443 3
459 172 7
421 136 5
461 426 10
169 176 9
384 365 7
20 285 1
14 493 2
409 60 6
89 393 5
275 439 10
482 207 7
290 69 4
174 363 10
362 71 8
372 31 4
384 99 10
365 323 5
224 398 10
181 414 5
88 198 2
211 125 8
481 338 6
256 13 1
180 391 1
89 301 4
98 404 3
250 399 5
199 58 1
321 357 9
95 439 10
76 28 4
115 134 7
423 186 10
265 254 8
126 461 7
210 423 7
422 166 5
304 273 6
295 433 2
478 8 3
339 144 7
153 206 6
436 32 7
154 149 4
453 312 1
274 7 1
283 414 1
461 159 2
70 372 5
13 350 8
13 321 5
175 16 7
101 111 7
414 194 1
397 339 3
5 443 1
398 345 8
325 384 7
376 486 1
128 40 7
365 117 8
87 111 8
281 116 2
46 163 6
362 49 6
433 140 1
473 306 7
286 255 7
379 165 3
451 475 1
181 430 9
282 62 9
49 83 1
127 81 4
346 388 4
167 272 9
173 296 1
340 364 5
245 65 7
111 182 5
236 376 6
187 249 1
421 185 10
367 473 4
442 456 9
435 135 4
187 204 3
423 180 7
383 459 8
119 347 10
381 89 8
294 276 8
203 205 2
424 249 2
368 193 8
333 263 8
416 124 4
365 210 3
64 197 4
118 94 2
230 459 5
253 435 4
48 175 7
409 500 3
176 158 10
140 248 1
98 118 8
499 313 9
97 402 1
477 336 1
82 128 1
55 299 8
196 297 6
61 355 8
244 159 5
451 333 9
245 244 2
304 10 7
67 205 9
2 116 10
225 326 5
216 161 5
76 50 7
402 382 9
344 399 8
493 318 4
479 188 10
321 120 8
449 101 8
285 322 8
54 468 2
65 131 2
181 223 1
212 373 5
37 159 8
55 86 7
72 140 8
468 445 3
121 351 2
485 268 1
209 215 8
238 297 9
137 246 7
412 149 6
131 98 5
398 377 3
272 83 2
115 172 6
351 48 2
437 124 10
500 325 7
166 486 4
45 251 7
60 302 6
347 247 6
252 283 7
466 118 6
467 295 6
139 148 1
41 145 6
380 430 6
182 289 2
269 152 10
38 372 1
476 26 7
32 346 4
112 108 10
392 351 8
378 461 8
500 6 4
115 36 3
39 358 2
313 233 7
362 50 1
349 478 5
208 196 5
309 457 9
404 189 1
262 434 3
40 344 6
272 496 1
349 96 8
227 349 9
80 397 4
136 427 1
489 181 9
372 357 4
366 328 5
202 301 6
298 87 9
368 25 3
88 240 5
469 97 5
17 65 5
321 394 2
143 329 6
373 235 1
449 114 6
93 380 1
239 76 10
439 76 10
115 484 2
449 200 2
206 95 7
443 265 7
324 468 4
426 445 9
289 127 10
35 270 7
92 371 8
447 232 1
381 385 6
134 239 8
7 64 7
120 14 2
136 163 7
442 284 7
356 138 7
334 414 3
63 99 5
264 374 2
341 7 4
470 335 4
352 19 6
285 215 3
451 349 3
113 297 7
131 370 8
271 283 2
311 228 3
96 385 7
63 284 8
450 203 1
353 264 3
127 283 1
29 410 3
252 365 10
87 11 9
429 361 1
151 124 4
157 354 3
203 263 6
131 81 2
331 192 6
2 202 6
61 14 2
311 219 7
393 117 4
113 224 1
30 487 4
108 478 3
410 280 9
272 85 8
392 79 6
135 416 4
244 346 8
225 354 2
58 343 5
399 406 3
194 95 1
232 361 10
109 386 9
86 194 8
393 134 5
362 324 7
315 222 6
79 132 6
486 71 10
272 7 4
303 211 8
126 55 1
390 494 3
344 454 9
305 416 7
158 38 8
259 61 8
74 6 5
388 472 1
76 405 6
83 202 3
267 216 7
91 37 5
264 261 10
456 68 4
257 244 7
61 357 4
13 255 4
45 50 8
10 72 2
338 160 7
13 421 1
79 276 5
398 438 1
348 367 10
480 333 1
122 128 8
75 107 6
121 175 2
375 141 7
167 437 10
219 73 4
380 125 9
328 369 2
101 387 5
408 433 3
58 347 10
67 167 1
222 305 6
348 480 3
397 124 7
63 24 2
14 289 1
162 290 5
401 421 3
318 140 3
391 321 1
70 166 3
326 353 8
384 448 2
356 25 7
250 128 2
369 105 9
179 322 6
47 56 2
109 12 2
362 124 8
231 370 10
47 15 3
11 395 3
365 299 2
282 127 10
200 466 4
286 351 6
348 209 6
224 371 8
287 160 9
53 144 8
50 225 6
71 423 4
105 438 2
39 422 10
288 140 5
480 234 5
123 119 5
409 291 5
245 451 3
74 376 2
473 397 5
52 63 6
106 113 10
401 466 3
170 209 3
40 204 3
340 152 3
258 34 5
154 292 2
436 111 5
60 29 9
35 324 7
198 322 5
117 230 3
114 200 8
11 44 8
262 461 6
214 192 6
161 132 8
285 64 7
422 393 3
257 66 8
388 67 7
242 426 7
386 67 8
366 352 6
394 111 5
95 4 5
323 106 6
363 58 5
35 328 2
243 388 9
269 407 7
220 11 7
303 71 9
179 204 4
274 372 7
328 379 6
176 68 10
357 353 8
309 471 1
469 228 6
437 246 1
297 125 10
56 449 7
390 325 2
293 61 4
302 498 2
250 305 3
280 142 1
471 273 3
16 388 7
487 299 5
109 360 1
245 155 6
6 186 4
273 14 4
83 238 2
275 62 1
369 361 9
215 128 5
27 292 2
142 136 10
29 359 2
244 165 3
229 174 6
104 26 3
89 173 8
436 8 9
311 208 4
429 254 5
75 394 6
268 216 5
405 38 3
246 47 4
342 433 1
222 492 1
280 39 4
182 367 4
137 450 3
118 128 7
127 220 4
480 287 4
428 447 2
325 386 5
496 90 3
448 277 7
130 23 10
157 336 5
474 147 7
475 69 2
360 341 6
215 55 2
316 497 1
167 463 10
260 451 8
38 242 9
337 125 7
139 55 3
329 162 6
290 195 3
83 110 7
110 255 4
197 26 9
211 407 1
172 463 2
157 133 6
48 374 3
306 219 5
145 289 5
25 294 7
494 294 10
208 444 2
281 409 5
158 331 3
231 143 4
270 79 8
73 14 8
428 230 7
194 136 8
424 202 8
59 230 1
404 175 1
476 392 8
491 220 2
107 60 4
9 171 6
144 189 4
12 240 3
424 67 2
380 45 9
343 39 10
151 372 7
438 45 1
215 227 10
66 343 5
425 406 5
181 99 1
457 44 3
154 471 9
402 296 5
305 38 10
197 14 10
375 38 5
328 16 3
24 104 7
442 261 10
335 239 2
151 248 1
18 403 2
29 125 10
138 132 1
1 171 7
223 20 10
460 42 2
84 411 7
198 162 8
378 325 6
75 275 3
112 492 2
398 410 1
26 76 4
137 145 8
466 361 1
307 237 8
149 108 3
193 466 4
484 292 4
279 484 3
377 226 7
67 462 1
237 80 6
371 274 9
359 488 3
493 350 3
358 396 10
97 115 3
76 177 5
109 381 4
348 42 4
56 157 2
81 365 5
56 327 10
397 133 2
87 480 2
394 91 2
254 408 7
392 479 7
