99
77 78 6
40 56 7
18 16 3
73 60 1
38 9 8
12 70 4
56 68 3
77 92 4
11 48 2
31 19 7
6 64 8
10 44 6
1 37 1
54 5 6
5 28 8
69 56 2
44 69 2
93 90 7
34 87 9
85 37 3
24 79 3
76 16 7
89 16 6
36 70 6
48 41 1
44 80 6
77 50 6
43 46 7
89 13 1
33 34 5
48 24 8
82 27 5
93 43 4
66 60 4
64 2 8
77 95 7
43 25 9
79 91 9
31 62 2
82 44 8
31 39 8
36 63 5
12 77 6
30 46 6
36 15 3
93 40 5
78 25 6
68 64 3
6 11 1
99 5 3
56 38 2
89 43 4
78 33 2
84 37 2
16 57 7
48 18 1
35 48 4
13 51 7
62 25 5
33 38 1
14 15 9
60 23 4
9 95 3
28 7 5
91 24 7
6 70 6
1 44 5
87 32 3
73 55 9
7 74 3
21 96 7
33 97 8
7 51 2
25 40 9
46 35 4
33 90 3
69 82 1
79 94 6
79 50 2
33 21 2
19 16 7
60 34 5
45 37 1
1 79 4
88 98 3
86 50 1
52 36 5
77 23 8
49 9 6
80 52 4
48 99 5
72 73 8
83 38 9
73 26 4
46 70 2
69 37 8
13 11 5
29 92 7
82 93 9
41 58 3
76 46 6
19 26 9
7 35 9
78 21 3
90 58 4
5 81 6
86 83 1
25 71 6
12 17 3
41 24 1
98 67 1
16 15 3
83 88 4
37 18 2
84 50 8
88 31 6
41 60 3
26 35 8
76 60 5
29 42 7
87 55 8
79 82 9
84 91 8
15 42 7
22 96 8
84 95 5
47 14 1
99 93 2
13 19 5
16 19 8
60 79 2
5 30 2
67 16 2
24 77 1
79 69 9
70 85 2
13 73 5
14 28 3
39 16 9
91 14 9
47 59 3
37 91 6
64 5 7
71 28 4
42 17 6
25 88 3
99 17 5
63 92 4
86 92 2
14 86 4
2 89 5
87 6 4
99 12 8
32 7 3
29 76 5
27 54 9
33 62 7
72 55 6
31 18 7
94 62 5
3 4 7
62 46 9
72 98 3
6 47 9
70 82 8
36 9 4
46 99 6
19 34 8
91 89 5
5 7 8
44 76 3
51 54 9
85 97 8
96 64 1
2 92 9
90 85 3
58 62 8
18 76 5
82 39 7
88 15 4
99 81 3
45 77 6
28 26 5
80 18 7
20 14 4
18 50 8
91 18 1
37 39 6
75 96 3
3 8 8
48 28 4
14 88 4
72 54 8
68 70 6
65 77 6
36 62 4
31 59 3
64 6 1
10 90 7
41 10 1
99 37 8
61 9 9
42 33 6
67 18 9
30 23 8
7 44 8
47 27 6
62 44 1
10 85 2
16 48 1
53 26 9
99 22 2
58 12 2
49 40 6
48 66 9
34 63 2
67 63 9
20 10 8
52 25 9
1 28 3
50 19 9
66 6 3
51 31 2
12 81 9
25 78 6
63 38 4
65 10 5
44 10 8
71 82 8
36 59 4
98 6 6
88 25 3
10 73 1
84 55 9
11 99 6
93 35 8
21 69 4
65 52 6
92 80 2
27 90 4
46 4 3
91 90 7
80 67 2
26 52 5
28 38 6
17 42 6
66 15 7
78 28 7
55 87 8
48 19 5
