1000
161 28 7
714 246 10
160 432 9
774 439 6
34 543 5
300 615 1
269 406 2
85 476 6
887 704 6
13 388 2
981 166 4
800 1000 4
711 715 3
162 923 6
675 295 7
955 120 8
229 178 5
433 118 2
125 815 9
532 311 4
233 936 2
352 174 5
825 438 3
130 536 8
27 72 10
213 143 4
662 251 10
298 117 5
694 117 10
864 664 2
592 455 9
522 147 3
709 237 5
631 125 10
677 587 5
717 918 8
576 841 1
605 806 10
365 210 1
591 944 3
60 485 2
113 940 5
35 698 3
61 355 2
972 328 6
512 928 4
54 666 10
975 300 8
164 379 5
656 663 2
175 918 10
518 976 5
613 620 5
103 774 4
711 885 2
150 55 7
847 557 10
568 197 4
800 816 1
196 931 5
886 863 8
760 458 3
890 770 3
871 614 1
879 133 10
531 259 7
878 763 2
635 387 3
182 154 8
223 99 6
611 39 9
558 788 6
230 812 3
586 549 2
903 237 4
542 91 4
429 338 10
901 1 7
802 654 3
806 604 7
658 754 1
126 636 8
926 135 2
965 361 1
739 179 1
344 984 6
691 962 1
3 882 2
557 65 3
975 477 10
78 243 3
179 370 3
534 824 7
383 906 4
233 134 5
680 94 10
865 258 6
23 368 7
584 571 1
316 494 3
581 170 4
388 794 1
105 446 8
249 192 10
686 790 9
128 76 10
852 749 10
475 53 8
419 455 9
543 697 9
664 911 1
83 919 5
188 255 7
814 377 5
383 676 4
343 707 8
11 820 6
348 482 1
474 205 5
486 309 5
322 351 8
43 203 6
596 814 2
535 209 6
524 961 10
816 983 9
562 576 6
558 25 10
581 155 2
263 574 5
435 582 10
423 786 5
516 836 6
318 836 9
617 126 2
59 271 9
148 745 8
95 380 9
17 259 1
850 451 8
498 336 8
671 38 1
660 876 1
414 139 6
432 334 1
570 834 7
536 25 7
982 412 2
14 652 6
815 684 10
478 162 5
637 827 9
567 587 1
3 224 8
239 124 6
131 932 3
221 700 5
813 239 4
8 404 10
27 372 4
832 188 9
421 596 3
577 353 2
656 357 4
516 166 9
866 462 10
689 220 10
223 671 9
375 9 2
114 383 8
32 311 8
834 45 4
423 305 9
10 320 10
672 373 9
163 872 10
22 705 5
768 946 4
275 174 8
289 730 9
646 940 10
217 992 2
391 813 7
390 673 7
329 581 7
430 950 6
371 256 9
319 529 10
100 414 10
333 319 4
779 998 8
550 442 9
266 18 2
356 298 7
118 10 5
230 629 5
108 848 6
792 342 4
73 303 4
707 991 10
237 111 3
10 612 1
646 127 8
582 551 9
47 296 4
973 947 5
527 627 3
598 725 5
161 471 4
46 342 5
348 694 6
1 965 1
590 803 10
39 974 7
523 7 6
337 707 9
273 67 2
358 715 3
798 129 1
808 324 4
668 765 6
814 360 8
386 740 9
810 166 4
563 746 5
429 760 7
243 178 7
20 872 10
746 712 5
797 540 7
350 642 8
59 896 8
372 661 5
270 517 9
938 626 3
480 861 8
309 374 4
878 149 10
865 741 1
456 662 7
59 765 7
179 262 6
796 120 3
940 713 1
726 947 3
336 719 2
526 378 6
128 815 6
761 837 9
1 544 4
382 586 4
608 394 2
980 574 8
109 730 2
187 7 5
509 927 8
729 65 9
574 163 5
124 417 1
77 784 9
554 724 3
652 735 10
948 586 10
437 769 8
317 138 2
335 882 7
210 106 8
863 218 4
43 364 3
724 586 3
464 954 3
333 501 9
150 465 1
752 268 4
483 658 3
491 782 8
76 390 8
248 937 9
5 661 5
557 898 9
390 172 2
335 738 4
553 188 6
116 349 7
844 643 4
445 835 8
856 4 10
844 997 5
619 768 2
46 230 6
479 288 3
955 421 6
164 740 1
492 12 9
674 842 6
831 386 4
799 969 3
937 977 1
489 954 10
822 110 5
312 765 10
161 105 1
316 617 9
378 630 6
843 203 1
785 543 5
671 382 6
42 361 6
797 178 3
55 469 1
181 746 2
175 2 8
944 75 10
323 511 6
138 923 7
217 265 7
512 610 4
97 354 8
831 599 8
637 86 6
974 341 2
378 411 1
38 761 4
354 907 5
87 257 7
942 700 8
687 898 4
725 548 9
900 86 10
602 120 5
936 613 4
874 956 5
478 147 10
483 244 7
860 785 8
166 545 5
672 874 10
165 340 5
475 878 2
468 469 8
990 104 8
939 563 1
453 614 6
373 818 10
179 463 5
611 708 8
197 542 8
481 484 7
142 223 2
936 327 2
596 445 8
167 613 7
102 894 6
914 239 1
327 26 2
943 588 6
956 696 4
946 739 10
377 548 4
599 955 9
625 423 5
208 21 5
898 89 3
826 401 4
639 200 1
454 935 4
609 221 3
904 80 5
89 69 5
415 77 6
590 439 10
261 507 10
401 767 6
827 411 3
683 724 9
51 351 1
76 548 3
49 430 6
822 568 2
273 161 4
433 659 1
62 706 7
90 994 1
691 717 1
885 522 2
484 411 5
579 654 1
249 751 10
486 873 3
842 711 2
760 793 5
990 911 3
751 794 10
706 326 9
445 733 3
131 524 8
557 761 6
972 184 6
110 904 9
965 831 10
479 802 9
987 69 8
486 492 3
17 846 10
6 596 9
501 252 4
216 799 1
80 502 10
587 608 6
569 461 4
453 804 4
690 532 2
736 711 1
371 895 4
870 754 6
887 47 4
416 809 6
610 276 5
189 477 5
520 283 6
299 71 10
877 260 2
985 451 7
501 951 1
714 674 3
475 261 9
391 67 6
614 671 1
345 100 8
657 486 9
670 66 10
244 958 9
402 856 3
40 214 2
487 811 5
527 910 8
7 569 6
765 889 3
339 288 6
717 217 1
467 241 6
90 513 3
637 333 7
658 394 9
28 226 7
865 565 10
478 458 4
251 208 4
151 276 10
155 88 3
791 706 3
453 835 5
207 412 1
983 373 2
981 728 6
677 423 10
631 478 1
598 266 9
964 37 2
922 756 5
123 1000 8
975 843 8
672 709 6
470 886 4
512 97 10
599 970 3
650 619 5
999 245 2
433 473 7
989 942 5
186 224 4
504 236 8
481 697 2
680 811 3
977 603 2
233 342 6
953 834 6
476 695 6
59 968 3
897 937 7
306 484 6
738 814 7
197 131 3
549 392 3
525 908 7
248 506 5
31 769 8
851 232 5
693 452 10
844 158 8
579 748 5
269 991 6
778 806 10
215 811 3
702 826 5
202 640 2
877 256 6
290 686 8
1000 715 3
507 644 5
304 216 6
614 221 4
981 611 10
629 214 4
608 895 2
751 313 3
887 424 7
86 859 2
500 121 1
593 981 4
984 714 6
160 407 10
370 193 10
596 12 10
720 126 10
125 837 7
489 476 9
945 604 10
937 615 8
442 206 2
63 682 2
403 592 10
589 323 10
139 525 10
143 195 10
585 482 9
803 456 2
970 115 10
424 640 3
864 54 9
819 277 4
451 589 4
375 345 2
287 775 5
736 498 6
798 439 7
828 755 9
355 39 5
352 457 3
120 288 10
56 443 3
38 17 3
547 942 3
239 722 1
969 170 8
46 949 9
780 831 7
836 814 2
31 144 3
918 703 8
288 621 5
6 562 3
842 974 9
308 788 10
2 676 4
11 403 8
113 756 8
151 502 10
964 126 8
985 208 5
179 61 5
682 816 10
522 906 4
999 96 3
920 942 9
513 848 8
345 923 6
520 804 3
485 207 8
765 538 8
566 634 3
475 644 1
1 187 1
281 769 6
10 447 4
395 21 4
556 227 8
910 145 3
238 472 8
312 188 6
52 780 7
841 906 3
939 615 2
442 852 5
646 336 10
78 163 3
882 622 8
793 376 4
102 71 6
544 170 3
858 271 8
575 514 4
258 79 2
975 89 1
251 702 7
893 319 4
679 674 1
574 912 1
786 792 10
237 526 1
585 862 5
868 12 2
95 484 2
460 542 5
665 181 7
123 133 7
178 527 5
575 74 7
405 566 5
61 938 4
703 572 8
633 506 3
443 292 6
515 933 10
869 10 7
65 48 5
539 709 5
187 222 7
688 184 5
509 472 5
100 806 4
831 368 9
771 854 1
105 806 4
455 46 10
904 314 3
23 981 5
659 634 2
43 832 5
682 223 1
890 809 8
616 280 2
383 788 2
6 928 4
913 315 5
80 225 6
969 413 10
189 584 1
10 121 5
851 744 1
834 589 1
908 674 4
645 8 5
694 237 8
808 358 1
882 27 2
381 780 4
534 795 2
71 676 3
42 133 6
980 56 1
421 298 3
994 455 4
659 699 8
310 236 2
962 903 4
601 518 6
950 849 5
253 849 4
784 308 2
814 942 7
992 168 3
416 875 2
345 108 4
643 521 5
24 676 8
174 838 3
660 290 3
553 610 7
951 519 7
954 729 4
908 264 1
291 679 6
865 758 7
266 157 7
765 141 9
878 626 2
381 165 10
894 22 9
130 610 9
767 989 7
648 226 5
118 284 3
624 834 5
858 195 1
459 127 6
599 822 3
473 843 1
591 464 6
869 836 4
241 648 5
709 576 3
63 725 3
457 229 6
892 160 2
210 29 2
184 606 2
899 175 6
780 277 4
543 793 6
625 596 5
599 601 3
630 779 6
919 535 3
383 407 1
157 335 10
562 369 2
102 637 6
763 112 10
832 63 4
874 303 1
866 244 7
521 837 10
399 64 2
49 766 8
640 979 5
499 63 3
481 754 8
369 123 9
830 491 2
142 365 4
979 247 9
939 384 6
471 677 9
547 20 4
918 79 7
502 235 1
681 912 6
141 230 2
329 320 2
406 852 6
789 799 2
298 764 2
540 199 9
846 804 8
57 141 9
227 174 2
810 922 8
291 370 10
892 283 5
958 375 9
417 115 9
451 190 6
76 958 6
749 899 10
546 399 5
582 365 10
668 905 5
703 270 2
144 393 1
342 925 3
284 598 3
218 859 2
896 402 10
604 723 8
722 764 9
655 83 6
633 839 2
307 58 1
997 142 5
633 599 8
500 989 3
80 547 9
334 95 10
478 345 5
98 716 8
776 459 8
733 619 2
274 970 7
879 131 7
618 53 2
307 781 3
651 636 5
265 394 4
806 538 10
1 30 7
334 40 9
923 15 10
632 677 1
758 447 4
839 698 8
95 506 3
429 972 6
759 757 2
574 875 10
170 357 1
845 326 4
781 890 4
386 155 2
923 757 8
529 838 2
716 541 10
74 685 5
665 867 2
632 881 7
593 175 2
615 952 9
1 798 4
484 430 10
574 433 4
702 920 5
809 647 8
269 452 5
821 415 7
553 317 7
10 918 4
626 306 1
843 739 3
736 728 8
798 972 4
29 745 8
178 239 2
466 793 10
414 340 2
119 888 1
590 460 4
324 601 10
179 207 5
375 146 5
863 254 2
53 340 4
684 116 5
768 379 2
960 950 8
922 465 6
368 621 7
180 911 7
154 680 8
310 895 7
750 197 5
919 343 1
607 351 6
128 20 1
55 647 2
830 938 8
103 133 5
216 276 3
888 271 8
229 223 3
232 344 3
203 841 7
536 155 3
650 443 1
26 90 5
385 412 4
868 926 1
151 751 8
76 124 3
334 738 4
935 713 1
368 822 4
734 850 1
145 44 7
592 64 2
550 187 7
818 769 3
240 588 3
845 175 5
168 198 8
923 709 7
643 483 5
778 622 5
976 941 2
677 543 5
224 365 2
171 330 8
818 124 9
440 80 9
813 109 8
423 52 8
58 780 2
300 509 9
728 560 7
869 494 2
694 292 4
798 426 1
691 76 5
439 171 1
837 272 9
372 433 1
653 636 9
741 883 4
763 332 9
126 648 6
866 802 10
48 224 10
275 829 6
77 602 7
795 145 3
95 613 10
615 269 6
742 296 7
443 742 10
743 969 7
476 571 1
846 339 3
698 309 5
631 180 5
447 301 4
909 418 2
709 743 5
355 321 1
644 208 8
565 308 2
873 316 8
761 986 4
43 652 5
141 683 9
291 26 3
863 524 7
301 203 5
637 392 10
840 654 9
127 991 2
280 728 5
471 292 8
737 783 1
572 627 9
645 30 2
534 323 4
563 321 4
773 593 1
389 42 6
721 743 1
142 674 3
116 503 4
524 870 3
873 852 3
463 925 4
528 702 1
96 536 4
318 947 8
508 470 6
689 299 6
320 293 3
392 236 5
432 34 6
726 994 1
34 359 1
919 829 10
348 186 3
898 981 5
423 143 9
896 725 3
916 986 10
772 48 4
126 871 2
268 607 3
499 416 5
302 819 5
543 259 6
773 464 6
281 377 10
986 375 3
246 193 8
232 489 2
350 94 8
589 139 1
860 670 5
455 734 8
367 920 4
868 361 7
31 585 5
745 874 10
594 45 9
810 459 6
963 407 5
561 837 6
20 244 9
229 209 10
498 579 1
617 958 1
895 324 8
342 465 4
174 653 3
128 474 3
58 238 2
464 937 8
4 963 6
851 844 10
92 841 4
788 991 1
968 546 3
2 431 7
13 843 6
854 438 2
113 134 3
354 219 4
185 255 9
168 361 5
106 884 9
243 335 3
405 19 4
685 522 9
620 152 7
884 371 7
908 660 3
234 308 9
58 825 7
808 401 1
598 277 5
667 142 8
474 86 9
822 225 10
171 487 10
563 122 6
833 148 10
292 476 9
577 252 1
560 424 10
236 402 5
343 431 4
434 535 4
762 644 9
280 573 10
190 492 8
981 449 8
354 467 9
859 801 9
456 775 9
241 746 4
736 929 1
205 731 3
81 582 3
202 903 1
501 294 5
337 846 2
558 207 9
913 230 8
474 909 6
268 767 10
180 504 1
662 750 3
768 707 7
284 403 9
918 360 8
71 172 8
676 518 4
575 507 4
443 293 4
286 996 7
766 617 10
722 46 3
895 851 7
157 85 1
730 313 2
661 147 5
809 727 7
882 449 2
531 878 10
262 52 4
893 80 2
915 932 7
919 546 3
910 747 1
48 289 3
917 629 4
340 102 8
38 339 6
247 225 6
302 634 10
553 408 3
290 493 7
514 508 4
898 70 2
55 222 1
579 622 5
798 429 1
858 318 3
54 81 10
130 38 3
388 696 1
937 766 8
760 66 9
958 969 7
386 305 5
643 136 5
695 806 9
824 919 6
45 908 8
328 743 1
343 324 5
455 315 10
259 392 3
281 651 9
429 129 8
514 159 10
358 383 9
851 56 9
557 929 8
35 873 3
638 280 9
122 856 2
534 624 3
138 182 2
424 242 7
514 606 6
45 407 7
392 942 4
446 248 1
375 903 9
464 520 10
213 194 3
383 604 5
113 894 10
71 296 3
613 906 6
611 780 4
627 473 9
826 985 7
793 187 7
562 324 3
400 598 4
945 626 8
274 14 8
434 813 2
102 212 8
101 96 8
176 429 6
297 675 4
47 663 3
655 652 2
224 720 1
696 919 10
998 584 5
112 30 1
626 839 5
203 19 8
82 687 6
360 330 6
618 786 9
304 983 1
895 40 5
19 11 3
172 924 10
228 333 9
941 403 8
893 303 8
797 478 4
432 579 8
158 790 2
173 55 8
317 859 9
438 931 10
512 198 6
949 800 1
718 500 6
753 5 3
364 406 2
352 247 5
101 994 10
740 40 7
581 160 1
142 794 7
461 208 6
172 986 1
718 698 5
457 680 8
128 263 8
483 956 1
347 834 5
585 366 6
619 99 3
556 25 1
399 65 8
116 984 1
394 214 9
590 109 9
209 722 1
622 71 2
928 453 8
26 466 5
570 772 2
661 522 7
321 248 6
295 659 1
652 785 4
800 200 10
310 29 10
586 380 7
459 141 6
823 5 3
970 336 4
252 401 10
837 211 2
376 394 8
118 640 10
483 573 8
947 301 1
651 280 6
35 255 3
346 790 2
871 398 10
6 626 5
19 348 8
141 388 9
205 462 2
964 174 3
189 123 4
371 837 9
700 578 9
325 234 5
126 849 4
447 593 4
54 48 2
62 807 10
428 299 10
158 704 4
242 730 7
281 843 8
715 190 8
288 514 1
100 15 2
209 644 1
11 318 4
272 329 6
117 655 6
932 605 9
819 4 1
456 76 8
159 142 6
581 123 4
830 376 9
352 971 3
433 926 10
10 855 3
141 948 6
972 533 5
477 945 6
835 89 2
457 778 3
819 896 8
814 176 5
696 464 7
394 748 7
388 809 4
124 130 7
675 779 2
705 378 9
636 504 7
201 377 10
238 13 1
11 596 1
879 517 2
48 516 1
241 686 10
234 550 8
660 184 9
709 870 3
425 298 2
221 996 10
214 373 4
275 108 9
577 532 10
235 376 8
437 728 4
199 165 8
655 876 3
96 342 1
115 915 4
778 270 6
636 664 7
358 68 8
70 92 8
801 358 9
377 458 6
621 196 6
354 511 3
689 144 10
422 816 8
232 74 6
549 766 3
296 40 1
194 627 9
625 896 5
415 840 9
961 845 7
684 510 9
247 882 7
859 885 6
981 648 3
583 754 3
707 987 10
169 503 5
315 464 1
633 150 7
380 711 5
859 633 4
470 632 5
868 390 3
139 447 5
260 791 5
710 219 9
251 478 4
554 454 8
70 273 9
742 781 3
890 271 2
680 765 8
384 920 2
986 238 6
48 789 7
158 614 1
857 769 10
855 845 10
293 948 3
994 264 1
893 88 5
434 889 9
942 696 8
785 743 2
87 296 1
229 464 5
846 870 2
52 124 4
952 457 9
675 167 3
325 679 2
431 703 8
428 844 8
147 234 6
562 709 7
681 43 1
690 999 3
771 134 9
950 625 3
503 820 4
844 905 10
932 183 6
926 338 2
201 65 3
754 820 7
241 60 5
424 331 5
194 175 1
437 963 5
672 105 6
67 630 6
572 131 7
801 561 7
57 651 2
411 440 3
752 1000 1
1000 271 10
132 643 3
602 73 6
923 902 5
980 167 1
875 140 7
760 646 10
10 789 2
716 187 5
88 690 1
808 534 2
782 584 4
248 513 10
621 126 6
363 170 4
752 650 1
965 672 1
705 566 1
680 833 10
671 842 4
954 412 10
407 316 2
959 949 7
3 315 10
72 226 10
233 450 1
31 33 8
962 814 9
767 563 7
304 418 9
372 668 6
105 216 7
991 784 4
14 466 4
374 213 9
32 563 10
869 60 6
652 361 4
713 291 10
266 94 2
369 836 7
441 161 9
312 91 4
916 717 1
560 565 10
542 517 7
630 225 2
772 329 1
111 36 10
997 904 2
881 376 3
38 908 4
674 112 5
553 86 3
713 417 9
439 285 5
295 469 4
938 128 1
531 814 9
387 93 10
919 418 2
355 243 4
815 330 1
592 318 4
6 336 7
201 93 6
155 46 2
633 359 5
312 336 9
666 456 5
837 135 8
284 470 5
720 728 3
92 585 8
827 563 3
501 51 4
419 182 2
151 521 2
512 154 5
587 27 7
779 205 6
529 794 3
737 513 1
91 908 10
18 312 5
209 272 4
204 494 5
214 370 6
507 227 3
271 183 10
932 647 7
661 273 3
384 506 2
470 301 8
861 102 2
128 230 8
727 223 10
968 619 1
696 164 5
348 190 9
194 355 10
247 857 10
139 594 8
430 108 3
903 887 10
775 17 3
455 592 5
564 645 9
203 923 5
243 121 9
445 100 10
236 158 8
714 683 5
487 185 10
562 566 8
1000 128 7
830 148 1
852 723 7
907 945 10
414 146 10
508 628 4
648 906 3
175 376 7
871 711 1
276 829 6
866 193 10
327 375 8
647 134 7
353 686 8
874 888 9
647 745 5
533 355 4
428 152 7
207 511 9
842 828 10
306 89 7
862 791 10
940 146 7
288 793 6
375 6 7
921 992 7
429 67 3
657 320 1
607 35 2
952 782 6
928 740 9
99 247 6
66 579 6
165 383 10
715 200 6
149 594 5
539 818 6
626 608 4
848 718 9
8 835 7
585 191 5
20 887 5
588 836 7
36 753 2
54 15 1
474 539 5
902 434 6
326 639 3
900 974 7
430 820 5
672 407 2
56 272 4
155 280 3
327 858 4
382 680 7
862 807 2
599 941 8
91 210 1
129 990 5
10 969 1
350 230 4
511 101 10
475 975 9
514 399 5
916 584 1
687 960 8
979 301 4
342 533 8
726 737 1
562 779 3
369 725 7
616 274 7
412 755 5
564 622 1
26 449 4
833 934 6
855 400 10
463 31 7
635 123 3
179 848 9
933 727 7
340 186 3
965 164 6
191 698 10
461 584 1
254 421 10
377 695 6
703 882 7
933 72 1
599 642 6
899 447 8
819 725 2
335 367 10
524 712 1
97 934 9
936 263 7
178 668 9
988 531 7
363 645 3
789 413 3
282 452 1
978 1000 9
247 770 8
38 71 7
128 574 9
324 186 1
863 13 3
185 638 5
466 611 4
659 317 10
483 704 5
262 521 3
329 779 7
160 673 2
114 493 8
356 839 3
721 971 1
635 828 10
755 14 3
74 837 5
227 73 2
116 376 5
724 54 6
548 638 2
788 74 8
643 971 4
713 280 2
634 424 5
938 313 10
258 799 8
468 791 4
800 442 9
538 148 7
545 618 7
149 48 8
883 249 6
593 223 1
520 932 1
31 669 1
680 301 10
264 303 6
518 506 2
144 574 4
8 840 2
821 492 2
468 553 9
128 404 4
433 230 6
732 387 8
779 321 9
44 613 8
744 704 4
186 560 7
589 105 7
994 203 8
190 670 3
811 546 5
964 419 6
773 98 3
755 262 5
82 392 7
225 971 5
736 488 4
335 905 10
797 542 3
887 429 5
165 137 5
463 634 1
978 403 2
858 802 1
839 575 2
65 446 5
342 462 5
140 432 5
498 266 4
188 946 9
795 93 6
142 117 10
269 908 8
165 867 4
431 742 3
118 108 6
773 710 6
895 809 4
65 606 2
363 928 5
726 108 7
518 115 5
320 462 3
582 289 3
644 688 3
755 635 7
244 748 8
516 333 6
329 339 3
45 344 10
55 587 7
858 437 8
751 916 3
497 35 3
659 995 5
248 666 6
603 720 9
50 518 8
757 259 2
408 387 10
251 755 10
280 158 10
432 54 9
128 999 1
905 935 6
981 838 8
343 464 1
86 35 8
87 185 6
848 755 1
4 592 3
658 392 2
647 626 8
780 999 9
156 186 2
691 103 5
256 469 10
962 73 6
994 355 5
698 398 2
264 899 2
815 474 6
341 86 9
458 607 8
265 256 9
891 988 9
73 675 4
616 237 6
550 940 3
991 302 3
407 682 8
543 475 7
456 560 1
610 192 8
567 474 7
687 196 4
699 101 6
199 216 1
571 70 8
274 229 5
751 571 8
919 387 9
65 840 7
657 944 6
741 285 3
935 933 3
867 401 4
683 69 3
954 329 4
336 766 5
339 379 5
857 679 3
314 842 6
527 81 8
415 545 5
624 963 6
8 772 3
86 598 5
748 297 4
726 291 2
696 609 8
288 202 4
759 551 9
170 502 5
638 450 7
1 928 10
629 236 3
17 864 7
555 68 1
337 393 3
373 540 10
456 34 2
66 373 9
754 533 3
405 246 7
936 196 9
20 438 4
738 466 7
70 6 5
899 22 2
350 663 7
1000 98 1
268 89 4
219 524 4
889 667 10
780 150 10
391 761 10
836 251 7
821 465 7
367 864 9
568 927 3
233 8 2
400 36 6
829 133 5
682 228 9
328 368 6
598 427 1
588 841 4
792 678 9
68 988 7
240 478 9
351 128 9
981 691 7
437 834 6
873 178 9
401 762 8
671 222 3
512 681 9
70 64 4
609 492 7
749 331 10
731 105 9
419 571 7
843 52 10
738 551 6
455 950 8
464 875 2
364 39 9
947 968 2
546 103 5
981 446 10
610 289 4
583 163 5
111 780 6
993 181 3
692 347 8
615 893 8
344 602 6
847 404 2
40 118 5
461 228 2
865 869 3
355 764 9
112 283 7
50 664 9
948 15 1
341 228 8
398 155 9
282 167 4
352 454 5
785 126 2
974 625 2
960 701 4
105 47 2
509 512 2
256 546 4
266 74 4
104 431 5
480 349 7
601 671 3
88 738 8
313 397 3
823 478 6
797 347 8
182 739 3
467 890 4
932 951 9
985 523 5
604 375 4
90 81 5
36 637 1
77 267 1
269 943 5
782 796 2
421 262 3
940 656 6
33 984 8
487 944 5
941 157 7
636 329 8
825 946 7
176 513 5
934 277 9
651 226 10
492 867 3
441 534 6
600 699 8
575 968 8
809 304 8
200 755 2
948 42 1
890 865 8
55 530 7
549 92 9
838 22 1
77 573 8
890 17 6
636 830 6
575 627 10
15 939 10
199 653 4
209 964 3
371 201 1
752 727 10
932 180 10
679 574 2
404 850 6
237 108 8
335 815 2
928 687 10
514 593 1
709 15 5
590 297 3
902 16 1
881 626 10
375 288 5
43 310 6
412 265 3
888 980 5
74 842 2
625 608 7
230 531 9
682 611 7
886 895 9
178 613 7
639 680 2
413 546 3
511 136 9
881 690 3
659 742 1
850 49 7
466 511 6
903 556 9
474 717 3
659 26 3
62 188 3
543 631 1
211 33 7
179 833 4
669 155 2
757 21 2
922 423 2
689 486 4
908 482 4
319 970 5
443 836 8
428 434 6
976 444 4
148 942 10
404 489 9
822 133 6
201 857 8
374 732 2
305 336 8
681 163 8
573 862 6
581 225 1
770 857 8
248 366 4
752 599 9
895 525 2
192 267 9
735 834 1
272 710 9
546 685 10
979 260 7
859 950 4
927 66 9
714 127 1
946 779 4
419 707 6
234 419 9
504 702 8
235 402 4
902 275 3
768 585 2
994 130 1
752 823 4
562 67 1
418 239 5
778 912 4
822 541 1
713 929 10
320 394 5
133 154 1
870 680 7
58 160 8
284 447 6
353 259 10
741 260 4
535 505 4
86 558 4
178 294 10
501 840 3
591 320 5
731 863 5
248 16 1
973 577 1
850 383 7
997 421 9
416 363 5
848 379 6
632 324 9
673 621 2
88 722 10
165 806 2
797 988 8
351 166 7
135 855 1
349 566 7
954 333 6
196 210 3
424 457 2
366 83 9
94 390 9
302 697 10
996 475 9
953 774 7
266 360 7
820 918 1
356 187 9
364 648 5
332 590 9
313 834 2
561 303 7
5 968 5
323 537 5
787 791 1
22 524 3
59 456 9
992 505 6
658 300 3
789 800 9
954 283 4
852 784 10
993 466 6
843 452 5
376 110 9
826 924 5
296 543 10
877 658 3
645 933 2
189 994 3
384 314 9
602 283 1
219 129 2
59 335 9
830 16 1
633 343 6
413 78 10
712 565 5
748 191 7
505 830 1
449 39 2
81 458 9
134 248 4
460 692 4
563 929 9
328 164 9
467 665 3
204 250 10
561 709 7
734 568 7
652 568 3
58 98 6
866 70 4
565 957 6
443 271 5
137 43 7
602 625 4
534 996 1
343 987 10
574 822 3
2 723 7
498 497 5
791 996 9
730 213 10
577 379 1
309 491 9
768 503 7
960 522 6
771 905 4
356 842 4
347 415 3
404 517 10
700 154 6
487 248 9
61 588 6
411 727 1
958 989 4
569 913 7
339 35 3
705 997 10
7 279 7
359 952 1
660 921 2
671 625 2
187 987 5
120 142 2
257 888 4
400 306 1
52 843 8
882 990 7
522 293 1
435 697 5
768 302 7
643 59 2
332 299 5
114 360 1
533 118 5
983 82 2
444 570 5
253 421 5
139 117 5
270 721 6
333 236 4
571 540 4
461 731 5
792 113 6
852 728 9
642 959 10
333 105 10
559 755 5
576 852 7
201 62 6
490 389 3
629 572 1
224 688 9
177 854 3
552 700 9
797 640 6
34 77 2
80 753 8
377 142 6
265 864 8
23 588 9
485 466 5
148 663 8
326 408 4
381 744 2
523 77 10
965 366 10
818 148 7
692 799 4
931 445 2
866 589 2
876 542 8
490 190 2
860 744 10
203 510 10
419 685 9
191 533 1
713 494 1
708 121 5
315 161 5
386 961 7
193 390 10
690 589 2
661 517 7
29 22 2
679 27 3
511 909 8
898 829 3
966 503 3
657 525 5
386 847 9
793 402 5
742 684 5
90 557 4
243 470 5
40 702 8
873 619 5
833 307 5
334 805 7
735 718 4
372 330 3
141 891 3
524 514 5
961 834 6
122 783 6
685 748 1
444 241 10
709 165 7
295 372 3
155 968 8
883 117 2
899 829 7
95 920 7
957 338 3
757 233 5
45 526 2
400 556 2
239 210 9
94 394 6
40 623 7
870 488 10
793 257 10
597 541 10
51 503 4
794 316 1
689 224 8
92 895 1
1000 36 4
569 462 8
107 738 6
489 912 4
946 444 2
572 649 3
810 856 2
13 591 10
678 462 2
21 317 9
960 724 2
592 570 3
115 197 3
406 486 1
170 548 5
785 116 8
86 199 9
705 292 4
367 279 4
252 511 7
559 432 6
81 699 10
51 67 8
218 6 3
804 968 7
244 266 7
607 162 5
635 774 5
509 558 7
285 793 2
243 332 3
14 45 7
599 131 2
295 112 8
538 89 3
291 690 4
757 415 8
998 227 5
894 404 9
188 331 2
327 910 10
551 964 4
552 910 2
420 502 2
882 563 7
431 229 5
506 865 6
453 819 3
690 840 5
902 410 2
776 194 8
411 183 10
116 337 1
93 478 10
756 369 1
690 80 7
767 485 9
474 614 2
141 199 6
796 843 2
322 91 3
14 468 10
898 868 10
527 172 8
625 11 5
77 647 1
189 885 7
33 499 3
63 315 6
680 717 10
98 899 5
368 66 4
19 171 3
729 35 1
392 501 7
914 139 8
67 496 4
272 538 7
366 884 8
595 871 2
728 918 1
901 510 2
903 820 3
159 476 9
8 985 9
153 369 2
53 109 4
425 351 8
38 572 5
185 875 5
493 123 5
737 935 3
848 945 5
565 681 5
390 191 9
299 661 8
19 430 8
771 237 8
16 842 5
345 489 9
924 227 9
427 781 3
104 875 6
70 35 6
102 133 8
357 135 7
849 881 7
168 924 8
123 877 8
270 469 2
478 451 9
316 986 1
701 721 5
886 23 1
24 689 7
252 299 6
722 216 6
376 361 3
226 461 7
335 280 5
222 862 4
305 946 4
865 77 9
479 529 9
616 341 2
225 337 10
42 745 10
252 437 7
661 367 9
321 561 3
904 871 4
313 855 6
27 237 1
67 693 7
121 557 4
116 627 4
280 943 10
855 247 8
602 809 2
63 354 10
900 952 4
34 610 2
622 767 8
90 47 4
594 201 1
877 973 6
821 262 10
265 528 8
742 447 10
897 556 7
645 819 2
968 777 6
611 929 9
949 865 6
329 87 2
394 430 7
638 968 7
436 885 8
389 955 6
515 435 5
169 907 9
782 524 10
638 623 1
753 512 8
873 298 7
205 618 4
134 46 5
335 972 9
924 678 5
317 653 8
164 781 5
9 517 2
681 25 4
745 221 4
52 235 3
626 344 7
480 146 1
655 915 10
647 792 7
367 620 4
598 60 6
55 557 3
23 795 8
336 249 8
733 976 5
237 857 2
901 678 1
117 266 1
914 147 3
926 461 10
715 424 2
716 648 10
605 516 8
198 890 7
37 618 5
238 286 5
988 865 3
430 567 8
152 388 3
940 827 3
182 258 9
402 326 6
989 568 5
682 724 6
906 133 4
234 335 4
181 735 8
847 864 9
334 164 8
654 554 10
192 281 9
969 349 6
956 54 5
738 724 2
900 804 8
412 806 8
172 947 10
144 664 5
181 455 2
333 985 4
875 617 8
650 933 1
898 556 4
64 544 1
606 311 4
976 559 7
745 507 8
190 456 4
552 730 9
184 249 7
56 829 9
2 508 4
39 640 7
117 907 5
272 97 6
551 323 6
246 367 2
956 220 9
101 644 6
642 467 5
536 163 2
554 866 7
362 87 3
553 242 1
60 445 6
908 359 4
733 413 3
975 537 7
332 477 9
16 607 7
590 523 5
131 99 7
978 225 7
972 510 6
39 553 4
377 160 6
366 582 1
210 657 4
41 984 5
452 205 4
479 203 3
34 481 7
561 195 6
878 179 3
151 520 9
898 803 9
250 633 10
282 591 6
76 357 5
533 403 2
391 846 10
718 747 6
872 267 7
359 158 7
856 170 1
684 809 6
119 840 1
998 335 2
220 823 1
523 490 4
415 182 1
698 789 1
424 356 5
34 327 6
49 337 3
424 219 1
539 339 4
48 810 1
809 87 5
559 208 5
924 986 4
9 565 8
645 900 4
283 218 3
434 645 2
827 7 4
968 875 9
154 327 8
344 807 7
261 192 6
627 546 1
816 202 9
910 479 4
644 758 2
712 970 4
335 375 4
371 397 6
551 430 3
181 939 5
178 136 5
310 734 9
604 167 10
938 5 7
59 461 5
34 101 9
509 805 10
8 12 7
453 171 3
781 706 3
49 197 10
742 265 2
404 656 10
317 870 1
177 712 2
296 725 6
185 90 3
604 71 6
728 921 1
869 119 6
193 35 6
729 174 5
722 574 8
279 432 7
394 634 5
492 522 5
511 815 2
280 833 10
351 181 3
475 210 2
18 296 5
900 427 3
704 586 2
445 102 10
385 989 4
167 749 2
799 965 4
492 944 7
979 412 5
311 944 4
993 518 6
603 623 5
454 441 3
24 748 8
28 41 10
408 945 8
804 589 2
957 446 6
930 568 2
650 142 9
276 54 5
269 563 9
707 779 8
202 902 1
601 441 4
938 970 8
443 561 4
674 19 6
377 364 8
713 740 6
541 82 5
65 664 4
447 540 10
922 685 5
902 372 4
267 805 5
54 335 3
259 36 6
157 208 6
921 362 2
121 677 2
974 653 4
447 12 3
618 462 7
429 3 6
187 682 3
802 420 7
23 119 3
300 962 5
895 545 5
851 931 9
445 474 9
583 359 7
73 713 10
947 256 4
657 908 3
659 45 7
538 575 2
111 761 2
32 198 2
342 666 10
406 495 9
773 739 1
642 364 10
920 132 5
246 445 9
236 224 8
416 609 8
779 689 8
884 247 8
774 575 5
939 395 9
118 185 8
44 364 6
54 239 1
52 519 9
288 365 1
552 686 1
759 969 7
589 941 4
156 754 9
80 112 8
932 765 7
141 594 9
509 504 3
715 903 10
764 458 5
784 714 7
456 874 4
219 827 2
700 224 8
271 95 9
568 503 10
362 520 5
617 886 4
247 982 10
994 22 7
857 557 8
214 257 6
377 732 7
681 172 5
121 358 4
592 818 4
358 672 5
40 908 10
868 675 8
190 874 5
561 267 9
941 777 10
792 531 7
593 700 4
892 129 6
786 201 9
934 969 10
997 231 10
240 525 1
334 497 5
582 925 6
741 998 8
707 615 4
848 317 6
554 364 1
774 38 10
499 771 4
315 101 10
373 910 8
271 273 7
976 431 3
323 628 9
396 685 5
689 39 6
539 698 5
899 712 5
126 207 1
960 613 6
797 505 8
902 27 6
243 662 5
651 91 6
224 407 6
281 857 7
697 151 6
69 641 3
902 477 5
178 918 9
953 380 3
8 360 6
285 502 8
274 385 6
316 478 10
532 657 10
743 516 9
492 729 7
758 10 9
662 370 7
394 13 5
716 459 1
153 73 5
226 126 7
336 119 9
773 780 5
888 860 4
809 948 6
647 520 5
308 950 8
7 106 8
169 501 9
656 423 5
729 429 7
569 702 1
405 499 1
522 455 6
221 213 5
963 181 6
343 226 7
632 701 4
216 648 5
825 40 3
799 199 8
287 248 3
746 345 7
435 526 5
624 336 5
872 117 6
84 32 5
968 436 2
531 6 9
543 41 1
633 336 7
540 637 9
403 562 7
332 571 3
628 166 4
841 96 1
114 714 2
919 678 2
234 153 4
271 284 4
975 884 4
239 345 10
630 857 10
96 173 3
399 177 10
799 661 5
995 208 2
830 939 7
423 625 8
956 40 10
374 266 7
243 855 1
397 836 6
985 398 10
914 665 8
736 151 5
526 591 9
603 757 8
563 110 5
52 582 4
486 781 2
948 760 7
529 64 1
721 846 8
90 284 7
875 18 9
998 689 8
277 584 2
342 631 4
239 427 5
307 585 7
162 418 7
613 336 7
481 84 1
878 197 4
622 877 3
547 934 8
381 991 9
271 205 10
233 411 9
744 693 1
187 577 4
257 157 4
591 904 2
393 8 8
692 81 4
563 377 4
580 530 6
302 298 2
545 835 1
760 845 1
253 765 2
930 823 2
393 555 10
565 591 4
978 388 3
507 79 4
958 908 9
775 480 4
919 707 3
229 478 2
60 336 7
277 569 6
830 235 1
966 56 8
130 540 1
929 798 4
107 753 5
977 388 6
672 439 7
668 226 8
131 921 1
672 433 4
36 506 6
224 47 1
861 645 7
640 125 4
54 59 10
801 98 6
968 389 5
300 34 10
340 423 9
990 457 5
656 418 7
958 352 7
612 811 4
578 926 8
120 822 7
867 237 3
845 755 6
736 717 10
884 167 1
557 222 9
988 211 1
770 159 10
654 531 3
923 419 5
524 769 8
783 759 4
657 53 6
589 185 6
337 836 8
658 629 8
157 757 2
582 675 3
65 462 4
235 52 10
514 265 7
542 968 5
895 220 8
173 710 3
861 686 2
946 295 3
47 763 1
990 572 10
34 868 4
315 407 4
558 397 3
38 402 8
336 614 10
250 482 8
657 427 10
491 698 5
277 628 9
952 667 3
200 624 1
292 683 10
373 319 5
818 528 7
641 403 1
311 334 3
312 772 10
847 301 7
168 381 10
139 581 7
387 108 3
154 750 5
71 840 8
957 961 6
402 131 4
510 805 10
927 306 9
300 164 10
163 288 9
762 978 9
211 813 2
884 927 4
728 386 3
253 851 9
722 481 4
886 322 9
942 104 2
881 717 3
685 583 9
347 22 7
529 742 8
342 27 2
861 814 5
791 490 3
419 370 5
994 879 10
255 175 9
140 165 5
320 670 8
494 702 9
175 57 4
557 463 1
905 520 10
792 737 4
319 832 6
966 468 8
253 667 10
542 240 9
88 1 10
680 118 2
751 827 10
589 227 7
922 362 6
224 98 9
198 733 9
496 796 1
328 798 10
237 170 9
963 911 8
579 810 3
351 687 2
393 271 9
702 266 3
576 197 2
94 490 9
688 743 9
26 31 7
375 104 5
185 320 6
299 979 9
353 228 2
45 930 6
473 26 3
555 426 9
305 856 2
281 23 5
620 278 10
965 798 10
392 175 1
256 305 2
471 13 7
368 64 2
573 354 1
292 800 9
695 409 7
619 877 4
110 922 8
872 820 7
431 187 2
141 864 7
948 314 10
730 651 6
828 150 2
573 82 5
576 150 9
287 270 7
967 926 8
62 507 7
94 829 6
490 646 9
65 761 6
120 464 8
561 600 4
18 914 3
687 258 4
155 470 3
455 697 3
831 954 5
902 737 7
437 558 5
814 657 5
604 60 4
541 203 9
104 116 7
347 941 2
89 462 1
894 304 1
541 349 3
745 973 1
496 365 6
506 275 9
323 534 9
829 392 4
838 14 7
645 121 7
47 507 8
868 627 6
746 548 6
624 891 7
788 434 2
564 546 4
705 485 2
421 663 7
874 23 6
164 618 1
76 782 10
386 647 4
517 982 3
565 658 9
674 419 5
730 954 2
643 842 3
286 93 6
403 817 10
652 127 9
315 815 8
53 172 2
9 789 10
698 425 4
199 414 10
827 257 10
238 416 2
287 125 7
154 855 6
435 868 9
432 699 5
954 423 3
575 897 2
36 558 6
12 764 7
683 594 7
724 469 7
814 81 4
763 479 9
42 475 1
686 186 5
946 929 4
328 55 10
454 261 4
274 855 6
619 932 5
251 303 4
164 85 5
796 387 7
957 973 8
400 602 8
131 174 4
181 376 8
599 669 7
164 366 9
575 16 1
321 702 9
911 626 6
840 17 8
469 372 7
92 280 3
356 142 3
470 604 7
801 762 5
878 426 8
421 621 6
424 82 7
952 726 8
643 707 2
428 480 1
607 735 3
469 32 6
17 975 10
180 926 3
69 733 6
44 101 2
307 340 4
524 657 3
396 733 1
67 690 7
838 396 3
349 931 4
614 683 9
799 176 7
336 471 3
231 312 8
123 356 1
617 749 10
561 153 3
498 899 7
691 274 10
2 982 2
630 28 7
232 927 10
821 986 5
701 43 9
551 671 6
291 568 10
327 315 5
645 240 2
529 783 9
18 462 7
613 252 5
590 58 7
907 75 7
506 942 4
955 592 7
951 788 4
920 770 7
266 495 8
261 548 10
314 609 10
732 808 2
260 401 6
115 869 7
969 983 6
8 875 10
840 452 10
797 850 3
698 846 2
294 829 6
776 57 5
563 823 8
466 595 10
662 199 9
301 920 6
557 298 5
116 766 8
462 766 2
389 869 7
528 718 5
840 842 6
224 293 2
802 605 5
370 743 7
479 273 5
264 185 9
222 977 8
473 920 1
253 50 7
431 270 3
953 939 8
741 918 8
300 815 5
703 254 2
589 891 9
352 960 7
855 182 4
991 528 10
231 160 9
855 6 4
45 508 3
433 647 1
285 611 2
916 456 10
644 562 7
228 149 3
937 741 3
469 611 9
459 279 3
284 201 10
123 804 6
609 1000 4
802 719 10
491 367 9
856 995 6
23 425 8
355 115 9
81 688 2
303 812 9
469 895 3
532 470 8
25 594 4
864 570 4
966 364 4
295 160 7
687 473 4
373 560 5
869 257 9
523 2 10
587 517 9
152 502 5
151 527 3
76 5 4
85 914 9
997 496 3
80 364 9
222 696 5
722 47 3
935 784 8
695 190 6
331 633 10
105 58 4
725 113 1
532 75 8
909 698 3
852 288 3
622 625 6
915 275 5
935 313 8
170 378 9
627 512 2
380 75 5
831 369 9
819 643 4
123 203 8
122 419 6
965 852 4
968 469 6
106 545 5
931 682 2
733 848 5
92 137 1
64 84 6
971 233 2
660 35 7
186 630 2
790 789 7
195 722 9
36 740 10
773 715 10
883 19 3
560 686 2
644 803 8
553 412 6
396 565 4
704 247 6
978 117 4
790 241 1
829 128 4
372 863 10
968 938 1
827 204 1
295 22 7
832 738 6
466 867 1
113 748 5
101 125 6
436 374 7
178 831 1
285 977 7
173 518 5
969 33 4
284 895 9
877 227 2
349 390 2
1 751 10
526 355 8
783 381 2
463 181 1
516 488 2
844 530 2
451 492 2
580 226 6
570 881 3
356 119 3
634 242 8
102 881 5
868 352 2
476 346 4
258 29 7
287 977 4
938 416 5
537 332 6
356 860 7
509 947 6
906 146 6
228 613 4
505 444 7
737 897 4
663 794 4
953 872 6
15 257 8
686 102 7
239 963 9
293 942 9
58 687 7
919 465 1
137 580 2
327 841 9
535 968 5
543 72 1
757 873 5
418 921 7
800 369 2
914 226 3
328 683 7
203 274 2
40 828 3
565 619 10
341 695 5
477 217 2
506 755 5
904 53 5
787 283 7
468 580 10
143 326 10
59 36 10
239 384 8
957 580 2
478 79 5
279 324 4
716 868 6
200 297 2
395 933 8
302 240 6
461 869 7
575 480 3
68 275 3
12 174 9
76 550 4
530 888 4
768 233 4
49 944 3
595 919 6
907 866 8
775 813 10
859 597 8
941 678 6
889 799 7
858 313 7
542 926 10
979 785 1
542 413 8
360 81 1
419 494 7
288 415 3
234 274 1
765 473 3
131 973 1
715 499 7
602 229 7
844 151 9
734 801 1
180 522 3
100 51 6
827 745 6
309 720 4
534 882 5
386 868 6
751 142 4
443 914 2
324 609 6
984 988 5
24 453 1
26 43 7
505 212 5
945 990 5
153 96 1
842 468 8
97 238 4
561 877 1
835 507 5
981 141 9
231 316 2
893 149 8
948 535 7
548 245 6
305 93 10
284 877 4
39 339 9
284 851 6
516 821 9
517 227 3
219 731 2
413 342 1
670 827 8
327 15 4
539 759 4
2 222 7
751 77 5
153 34 7
432 11 3
448 205 8
5 713 2
799 389 10
31 924 9
684 237 4
955 252 6
828 111 9
817 361 5
596 665 1
274 588 5
795 925 10
184 174 7
240 924 3
28 886 6
975 848 6
886 189 1
505 800 7
369 388 3
442 556 8
126 256 4
774 598 9
676 609 2
845 623 1
250 498 5
411 452 4
362 454 3
725 760 10
750 103 2
571 787 4
266 57 5
919 549 4
22 550 1
853 805 5
724 172 10
412 393 10
562 587 7
747 419 1
119 962 8
660 955 7
665 547 7
226 834 5
336 780 4
998 287 6
462 52 8
124 813 1
305 776 8
780 460 2
346 143 3
556 792 7
52 849 7
651 703 4
984 97 9
248 279 4
80 417 10
59 885 1
396 559 7
754 909 1
677 138 10
41 379 7
966 5 3
508 521 5
420 911 10
905 837 3
298 506 2
84 176 5
748 400 10
592 383 4
418 47 2
113 690 1
548 953 2
14 3 3
103 748 10
152 955 6
70 779 1
564 331 5
91 31 5
571 367 2
264 210 4
650 354 4
271 59 9
728 837 7
675 343 3
56 363 6
548 343 5
742 264 9
855 698 1
816 370 3
215 835 4
918 924 5
85 624 10
858 557 2
415 822 9
879 82 2
269 173 5
393 738 3
989 897 7
652 270 3
945 332 7
758 805 4
51 352 1
121 859 7
811 347 3
502 131 1
860 352 10
466 965 5
112 483 10
80 598 7
836 660 1
110 304 9
648 977 3
125 13 2
365 287 6
780 843 4
437 495 3
696 476 7
527 411 10
146 933 1
815 725 5
408 763 7
481 886 8
783 262 9
597 817 7
746 603 2
972 290 3
237 22 7
514 184 2
48 616 8
970 758 7
749 769 10
742 903 1
733 675 4
983 770 4
893 534 3
491 460 6
383 147 7
318 54 2
305 815 10
693 32 4
626 874 1
201 212 10
956 668 9
131 68 4
607 863 10
113 814 5
663 881 10
139 507 10
508 230 9
870 637 2
452 704 10
15 93 4
991 312 2
508 783 9
123 828 10
960 67 4
817 416 2
765 946 3
437 847 2
974 529 2
161 153 3
107 217 3
350 605 2
255 284 4
3 458 10
452 219 7
371 563 5
258 731 6
602 614 1
270 83 9
392 84 1
806 281 6
250 127 4
483 684 5
217 902 6
551 495 4
161 169 5
420 924 7
490 135 6
71 293 1
794 382 8
225 651 5
806 313 7
716 128 4
369 957 3
191 637 10
342 569 4
304 954 6
994 683 10
502 318 10
20 346 8
232 625 9
587 435 6
248 590 9
611 745 3
988 989 10
929 32 4
456 724 4
843 588 5
948 250 1
924 659 10
438 230 9
500 439 10
869 846 9
26 372 3
110 923 3
501 503 10
965 102 2
942 672 6
762 346 3
801 125 8
892 381 10
488 381 6
665 902 4
311 786 3
619 656 7
352 25 7
300 563 10
467 822 5
785 996 2
857 570 5
576 109 4
882 224 5
836 262 10
599 529 10
852 422 2
530 579 8
9 106 10
230 108 9
256 842 8
904 916 8
55 25 5
287 865 6
428 395 6
287 665 4
922 325 6
638 905 6
652 533 8
631 898 4
325 577 7
726 157 6
967 476 4
867 789 7
758 180 2
209 324 3
652 582 5
375 405 6
484 286 5
689 745 7
320 387 4
165 272 9
95 337 2
744 344 6
906 407 5
119 941 6
714 272 1
201 859 5
918 494 9
842 774 8
673 857 5
655 800 3
767 493 2
341 540 5
206 888 7
427 527 1
894 573 7
147 45 5
70 898 6
607 510 9
242 312 10
890 489 9
481 114 1
378 491 2
502 542 3
937 344 8
602 642 4
256 409 8
592 392 6
943 506 10
802 489 9
515 46 9
641 627 7
30 700 3
628 236 6
655 143 10
149 362 10
293 880 7
658 68 7
313 479 5
787 890 7
412 91 2
329 493 9
451 858 4
288 993 8
866 472 5
453 600 4
113 48 2
4 49 1
327 544 5
791 768 4
896 833 8
772 65 4
425 13 5
13 264 1
442 84 4
932 585 6
282 46 8
486 591 1
108 729 4
434 932 5
906 27 2
116 750 9
311 943 6
331 180 2
565 698 2
670 311 7
726 44 10
945 476 1
4 757 7
458 379 2
507 989 5
746 549 2
325 673 7
195 428 3
985 846 10
268 572 10
970 126 4
136 231 4
857 667 9
83 795 5
266 750 4
782 242 10
129 442 4
463 356 4
429 840 3
172 426 5
374 592 10
238 731 10
15 402 9
965 661 6
586 349 7
472 894 9
397 889 1
202 847 5
356 692 4
840 888 9
153 217 5
346 428 4
216 267 5
210 374 4
740 732 4
403 561 5
105 998 7
56 543 4
906 790 2
769 570 5
312 735 2
688 958 8
136 719 1
396 753 4
303 856 4
353 239 9
970 977 5
317 774 4
436 805 6
783 256 10
536 384 4
655 116 8
642 352 6
816 704 2
577 4 2
855 414 1
435 900 7
868 973 1
732 150 8
810 271 5
379 957 8
157 524 4
180 250 2
494 310 9
526 663 3
618 708 9
317 101 3
860 189 10
614 147 6
405 972 2
452 284 8
602 417 5
760 861 6
716 200 4
923 523 1
433 95 3
519 277 8
603 24 5
511 13 4
467 705 10
338 143 1
703 554 5
737 519 9
853 658 8
2 1 9
233 781 4
808 347 4
756 876 4
537 695 8
40 317 1
805 918 7
630 403 5
916 131 2
543 554 8
293 443 5
656 401 8
22 722 4
578 791 10
166 193 2
20 279 7
323 480 6
749 305 5
539 554 7
582 998 5
241 660 5
732 770 10
4 323 2
635 501 10
178 211 7
325 953 3
703 230 1
397 65 4
531 725 4
833 633 5
588 157 9
526 440 7
479 906 7
835 827 1
838 143 9
505 845 8
318 352 7
174 543 6
924 289 5
564 273 3
354 533 6
884 275 4
990 269 7
9 677 3
117 706 8
292 143 3
358 361 3
386 543 9
259 799 1
875 949 4
160 598 4
754 445 8
466 654 6
101 461 5
113 306 9
920 41 10
786 444 1
608 673 2
981 316 6
793 156 1
720 986 3
305 746 8
158 588 8
174 941 1
649 148 2
512 906 9
564 496 8
193 434 8
228 635 4
393 617 6
648 391 10
419 478 2
254 83 9
517 241 3
592 900 3
101 641 2
756 508 3
978 463 3
6 475 9
304 370 2
740 191 10
782 389 4
719 987 7
798 415 4
1000 657 4
626 581 1
521 951 3
504 717 6
501 282 7
468 211 10
879 333 7
291 650 2
26 280 10
471 729 9
684 525 1
856 689 10
601 9 7
245 667 7
86 837 5
74 409 10
579 872 10
450 182 9
420 671 9
583 812 10
368 562 3
922 563 5
742 970 3
644 994 8
482 697 2
173 421 4
927 350 5
912 624 1
559 744 3
133 459 7
325 360 6
973 311 2
766 578 10
729 274 6
169 764 5
526 125 6
941 953 6
478 745 8
957 396 5
936 946 7
805 723 7
294 612 3
483 847 10
411 636 10
738 889 6
697 661 3
20 297 5
120 284 3
632 791 9
725 272 3
327 935 1
185 621 1
766 175 8
802 900 8
408 170 8
40 456 3
498 987 2
343 985 7
643 300 9
222 287 7
365 974 5
399 428 6
841 702 5
660 678 5
37 696 1
501 486 4
144 511 6
318 923 1
720 252 4
570 129 10
68 950 8
330 415 10
412 519 7
638 739 5
621 904 7
490 612 1
301 431 9
363 87 10
313 116 1
366 242 1
599 728 6
812 67 8
948 31 9
782 681 4
367 406 9
609 315 8
98 688 7
445 55 1
550 955 10
350 277 7
489 946 4
718 193 7
430 107 4
903 952 8
561 414 1
519 808 2
433 62 7
275 775 4
672 626 9
612 854 2
135 686 4
191 70 7
315 778 2
241 753 10
800 980 3
956 93 2
114 996 1
492 240 4
619 931 9
423 771 10
792 317 3
345 972 7
365 261 4
989 488 3
441 834 1
521 299 5
289 963 8
823 273 8
459 102 5
42 304 6
409 100 1
532 282 10
957 816 1
409 226 2
253 21 2
719 368 8
601 689 5
265 201 5
91 808 4
130 989 1
58 297 3
283 136 5
452 908 4
466 48 3
848 171 7
17 1 5
40 268 10
882 475 6
981 445 3
614 172 3
384 632 1
929 177 1
434 695 9
577 508 4
173 992 9
838 258 8
203 702 5
739 702 6
681 41 8
647 487 4
295 899 2
343 560 9
23 479 8
264 308 5
141 650 5
271 629 1
420 998 4
92 581 5
467 331 6
897 165 1
21 585 2
631 374 1
206 996 9
671 30 7
309 895 9
398 869 3
402 381 1
208 504 7
948 170 10
688 886 9
202 46 5
655 977 8
881 863 2
903 704 5
353 610 7
350 234 9
44 751 6
602 17 8
873 199 10
544 549 1
352 33 4
585 595 2
835 428 4
665 490 9
487 41 6
558 682 2
981 293 1
874 717 5
403 279 1
882 356 1
229 402 10
412 405 2
562 518 4
312 92 7
343 170 10
334 89 6
677 871 9
4 957 3
458 139 4
660 694 6
512 866 4
522 222 7
472 167 5
228 13 4
122 70 1
425 430 5
564 289 2
360 229 7
413 510 2
251 750 7
857 305 1
507 786 6
794 9 3
792 662 5
963 56 3
583 84 9
840 283 7
19 694 5
246 716 2
260 951 6
346 660 9
899 70 5
996 845 8
50 249 2
30 972 6
361 314 3
296 303 10
365 547 9
383 151 4
789 687 8
682 174 3
249 10 7
139 994 1
804 103 3
845 334 6
610 749 1
624 475 7
888 492 9
485 464 5
275 942 7
634 689 3
244 667 6
807 328 5
159 224 1
401 499 1
659 536 3
708 597 10
537 329 5
993 460 7
840 978 8
979 632 2
985 884 6
796 605 3
676 193 6
632 140 7
802 653 1
749 537 9
233 10 6
382 589 6
610 785 6
721 255 2
994 808 7
792 66 1
176 89 2
81 944 1
831 600 3
544 89 10
983 86 6
997 785 5
930 1000 6
537 368 8
761 457 9
722 18 2
793 748 6
44 923 10
218 676 10
672 1000 8
700 469 8
145 338 3
734 521 4
822 647 3
554 872 8
285 336 6
775 232 2
851 784 2
506 863 7
918 826 9
41 82 9
510 104 9
585 735 7
250 447 1
259 936 10
461 629 4
102 236 5
480 45 8
721 562 4
744 328 8
392 708 2
641 515 8
926 49 4
177 693 3
436 870 8
420 516 10
454 393 1
560 513 1
997 793 3
611 132 1
642 947 8
867 188 8
650 199 7
895 904 4
2 81 4
137 873 1
54 819 5
224 419 3
824 886 4
536 559 9
681 834 10
133 995 7
77 29 9
826 523 6
506 654 6
815 266 8
539 613 10
195 211 1
209 547 6
967 584 3
207 194 9
767 701 8
611 433 4
763 352 7
343 794 7
399 565 9
217 105 7
585 838 10
867 125 8
717 596 8
877 673 3
772 719 6
798 560 10
487 98 3
457 535 6
571 712 5
745 160 8
604 819 3
400 764 5
808 688 8
801 217 5
320 134 10
610 262 3
584 554 5
831 849 9
79 605 3
748 245 3
135 620 3
918 772 2
788 246 2
508 341 5
420 184 3
275 239 10
80 683 9
479 162 7
1000 738 2
464 596 7
383 836 5
673 707 1
173 936 10
752 818 2
494 682 9
992 153 2
720 859 6
136 93 4
172 438 5
583 841 6
662 165 9
658 20 6
147 951 1
179 554 4
297 336 6
202 550 4
484 404 5
657 794 1
618 365 5
425 991 9
760 712 9
937 58 9
339 618 5
354 737 10
508 428 1
887 437 2
121 39 7
794 893 9
250 131 3
792 24 6
731 141 7
540 931 5
823 856 10
262 625 2
53 498 5
560 454 6
290 499 8
507 808 3
205 123 5
316 817 1
375 228 8
958 754 4
428 561 1
648 798 1
613 656 8
220 71 10
219 855 8
749 423 10
512 376 5
408 884 8
991 974 10
236 285 7
564 213 8
89 898 2
220 625 2
15 925 4
996 109 7
918 979 7
84 246 3
260 116 2
967 89 3
110 236 3
706 853 1
611 618 1
79 206 4
138 395 8
870 692 3
180 66 9
657 515 1
811 824 5
537 719 3
226 698 1
313 157 5
249 139 6
589 6 5
271 536 3
642 468 10
770 345 4
847 850 9
928 604 5
935 892 8
826 144 2
859 198 3
83 343 6
911 554 9
103 766 6
197 123 2
171 814 2
384 296 7
947 687 6
562 138 3
983 162 6
752 986 2
761 348 10
447 378 8
405 596 1
925 748 10
380 471 6
791 87 4
348 359 3
360 901 6
957 779 5
189 17 10
748 657 1
312 741 3
500 258 2
413 791 6
969 714 10
826 503 8
526 615 4
352 453 3
22 175 10
287 583 2
931 444 7
262 763 6
893 775 1
312 740 4
896 244 9
753 609 9
885 246 8
41 148 10
169 767 10
172 155 3
871 738 1
103 117 6
854 402 4
10 773 1
129 799 9
148 987 3
24 12 7
713 415 7
467 81 8
46 232 6
224 207 2
523 477 8
898 65 4
862 637 7
524 492 3
803 910 4
235 537 3
685 384 4
403 656 1
711 491 3
41 654 6
919 734 9
254 913 3
109 218 6
118 149 10
452 191 8
92 203 1
736 281 1
438 57 6
526 763 10
203 621 8
619 104 7
599 608 4
23 434 4
764 661 5
331 562 10
700 470 3
950 371 5
611 527 8
893 723 1
640 871 1
221 641 9
667 510 5
381 766 3
599 388 10
677 751 7
771 312 8
986 880 8
131 412 1
870 403 4
414 464 7
582 648 4
454 446 6
704 305 10
331 958 10
18 152 5
404 713 2
620 899 6
698 996 2
414 557 3
886 966 9
288 815 6
212 69 8
499 150 9
713 555 7
149 529 8
325 598 5
961 544 10
792 693 5
911 369 6
762 311 3
193 387 8
622 657 9
800 128 2
356 817 7
234 832 4
579 627 7
32 132 1
853 484 7
728 57 9
321 676 7
236 3 2
30 202 4
772 992 9
718 756 6
392 793 6
606 996 1
940 786 3
544 466 7
602 168 1
150 490 7
549 874 7
573 918 2
609 652 6
168 24 9
196 991 5
712 902 2
48 751 9
791 750 7
805 888 2
865 817 1
772 106 8
544 308 1
203 202 3
987 43 10
603 339 10
443 549 5
765 632 1
776 398 3
157 919 5
929 352 4
647 787 7
355 307 7
226 285 1
277 565 4
970 319 9
84 872 7
880 508 9
524 716 2
29 513 9
916 251 5
92 118 9
621 546 7
747 432 5
837 769 8
799 422 6
232 531 6
838 305 3
880 567 6
801 348 5
727 450 6
7 937 4
910 221 8
184 327 9
393 769 2
419 425 4
8 208 6
228 455 7
871 224 4
969 857 1
713 982 1
789 338 6
61 668 10
607 677 6
777 211 3
316 541 9
106 863 7
459 913 2
32 557 9
573 929 1
818 564 6
110 78 6
550 141 9
810 347 1
639 969 3
447 309 10
339 259 5
958 56 4
505 876 8
912 614 2
488 272 9
566 456 7
324 270 4
887 905 1
722 955 8
345 522 6
334 133 3
270 845 10
69 826 4
343 381 10
441 2 2
989 767 2
640 851 8
266 504 10
897 577 7
12 213 4
809 134 6
923 521 9
618 427 1
96 444 6
724 782 2
82 579 1
161 869 7
714 984 8
672 588 3
645 5 9
609 116 3
628 293 6
692 938 10
726 317 7
674 406 9
713 183 9
263 728 1
868 126 1
720 97 6
246 424 3
416 464 1
203 906 9
124 770 5
496 777 3
300 763 7
686 493 2
415 458 8
336 900 4
444 285 5
52 996 6
633 689 5
788 994 7
862 427 9
145 298 4
346 532 8
970 180 2
169 777 1
575 130 2
752 579 3
193 628 10
981 455 7
31 492 7
442 211 6
751 168 8
155 944 3
285 261 1
797 61 2
523 355 8
632 177 3
374 365 5
10 693 1
85 582 1
181 279 3
784 560 10
863 828 3
963 524 6
624 303 3
156 306 10
92 989 9
515 192 6
778 388 10
406 736 10
753 837 3
107 242 10
571 305 10
236 130 1
773 763 2
659 84 8
430 250 2
812 830 6
841 126 3
198 660 8
850 885 3
735 218 3
5 865 6
1000 864 7
206 689 3
854 487 3
755 970 3
622 207 1
985 986 2
664 771 4
117 945 3
584 832 9
858 342 4
168 242 6
680 73 5
678 297 4
299 201 3
484 46 4
26 814 2
832 483 5
91 818 7
834 294 7
663 742 2
677 134 8
373 46 10
328 997 2
625 627 9
150 705 7
891 304 3
952 949 2
101 911 5
568 335 8
202 373 7
456 738 7
236 398 3
758 619 3
218 115 7
911 722 5
212 64 1
148 105 3
869 195 3
885 529 4
3 718 6
427 763 8
780 506 10
196 977 4
3 80 3
665 238 7
128 897 4
78 707 2
451 143 6
213 710 3
325 382 6
378 266 5
818 23 2
845 637 2
251 455 7
620 57 4
915 325 3
843 691 2
509 252 4
451 105 1
664 34 1
145 199 2
573 76 7
456 46 9
265 804 8
862 517 4
951 23 5
40 357 7
674 751 9
315 495 6
427 375 1
943 250 4
182 611 4
988 483 10
28 44 3
540 371 6
328 223 9
764 277 7
707 457 2
496 285 9
294 606 10
650 70 10
475 149 8
355 449 9
939 537 2
482 107 9
704 946 2
473 141 9
438 726 9
776 559 2
368 156 6
99 683 7
220 610 7
710 251 6
303 92 7
284 735 7
243 607 3
186 481 10
841 147 1
283 987 8
376 378 6
626 740 8
348 927 5
770 820 9
900 977 3
78 755 4
802 589 3
609 225 4
50 557 2
290 17 3
771 693 8
312 96 2
578 932 5
820 575 9
389 299 4
313 895 5
969 786 9
344 538 9
874 358 4
557 465 1
872 837 7
749 874 4
423 576 8
539 291 4
300 600 5
216 578 3
696 347 5
571 513 3
761 560 4
759 424 3
596 499 2
521 219 3
448 116 4
307 452 5
710 817 9
72 455 7
233 11 9
309 26 9
891 144 8
340 771 3
639 814 9
947 32 1
351 682 8
471 634 6
249 882 8
959 297 3
961 190 9
127 599 8
931 820 4
388 986 10
581 320 9
89 225 9
921 993 4
847 269 1
147 460 5
620 613 9
337 177 6
257 166 9
683 590 7
212 464 5
681 687 8
521 896 1
833 380 9
638 714 4
929 245 6
996 294 7
370 39 4
6 934 7
999 249 10
135 391 4
233 974 4
422 676 9
725 19 7
446 836 4
288 948 6
958 724 4
496 129 4
399 993 1
984 263 5
188 175 10
201 874 5
749 645 3
218 979 1
438 43 3
123 608 3
724 1000 2
77 713 9
902 636 1
560 954 1
17 432 6
928 255 9
696 618 4
873 221 3
97 810 3
636 263 5
350 553 6
144 165 2
499 845 5
958 577 6
734 522 5
192 988 7
977 860 8
326 789 2
402 768 3
872 895 3
633 745 10
696 856 9
905 874 3
757 561 1
479 474 8
918 342 7
259 203 6
111 982 3
864 771 9
483 442 3
854 108 4
817 844 3
297 683 6
776 221 3
215 448 3
281 809 4
398 84 1
511 956 9
880 246 3
838 313 3
176 402 1
117 535 4
955 205 10
784 905 4
818 146 3
392 325 10
154 869 3
362 516 2
685 633 8
37 175 3
207 740 6
685 170 2
173 311 8
478 179 8
105 736 4
836 277 6
226 614 7
37 402 9
147 446 10
944 13 8
156 838 2
926 145 5
380 660 10
82 30 4
333 917 1
808 283 1
247 691 8
970 66 9
875 681 5
103 447 7
100 125 9
178 630 7
368 793 5
255 901 5
83 268 6
21 943 2
769 93 6
238 453 8
167 294 10
805 470 5
375 508 10
12 344 7
508 568 3
113 355 8
497 927 7
134 320 1
69 86 7
576 751 9
829 975 8
715 129 1
288 493 4
201 458 6
711 215 7
433 328 5
683 710 4
175 309 9
111 456 3
104 357 8
987 405 10
786 543 2
356 350 2
306 514 1
31 937 4
422 236 6
708 790 6
223 45 6
474 345 7
627 203 9
395 522 8
74 199 8
569 532 7
986 126 4
71 596 1
258 655 9
84 104 8
535 481 9
812 308 6
202 732 10
715 918 7
803 847 2
492 506 5
572 113 7
191 45 9
604 213 9
622 542 6
169 514 2
481 791 7
679 306 10
63 816 5
111 371 5
555 489 3
754 508 6
226 261 1
139 950 4
959 580 4
582 630 6
826 897 1
491 115 2
474 892 8
657 537 10
756 792 1
927 211 7
477 649 5
847 457 1
785 5 9
299 482 10
776 807 9
252 796 8
182 173 9
83 654 6
209 918 9
882 572 1
5 906 10
705 722 9
162 668 1
560 255 3
286 893 2
898 735 1
771 982 8
994 843 8
822 590 7
463 38 8
724 110 8
482 39 4
829 313 8
933 542 6
905 301 8
57 2 3
421 266 10
714 601 2
520 983 4
936 758 6
124 125 7
350 650 5
44 385 6
563 506 5
408 140 6
409 768 10
79 198 5
810 210 5
703 401 7
823 729 6
673 416 6
7 64 2
370 744 10
265 411 3
597 53 8
484 547 8
127 770 10
605 159 6
262 61 7
639 948 10
542 642 9
538 334 4
199 220 5
123 113 3
778 95 9
213 644 9
548 871 8
215 236 2
684 178 7
237 859 3
366 112 1
941 501 9
752 171 5
963 60 4
824 858 2
461 660 4
246 830 4
482 857 1
169 167 3
864 19 10
511 11 7
99 703 1
499 72 6
199 627 2
582 730 8
88 831 5
314 144 2
230 553 8
862 504 1
124 436 4
21 614 2
360 169 9
380 927 2
184 698 6
91 249 4
768 870 6
236 753 8
484 321 2
367 170 3
619 207 9
54 990 3
308 828 2
519 965 6
843 696 7
733 564 7
53 145 1
619 427 9
213 862 7
363 56 8
131 726 1
294 395 4
823 20 7
975 511 6
108 140 6
860 36 9
510 204 5
253 818 1
878 84 1
73 765 7
942 419 3
803 120 6
468 965 4
1 369 8
876 662 9
485 583 3
900 590 4
710 701 8
160 124 7
688 798 1
281 547 5
213 35 4
868 491 6
318 755 4
704 340 2
288 878 4
849 483 3
618 762 5
587 25 8
913 824 2
614 50 10
672 738 7
270 802 1
807 85 5
500 880 9
831 240 7
872 766 8
725 844 10
246 360 3
477 382 7
556 636 5
193 210 8
488 220 3
788 400 2
611 297 3
104 825 10
549 140 1
167 129 2
380 722 9
9 911 7
694 155 4
380 411 8
144 358 10
901 121 3
84 16 8
316 688 9
852 4 6
845 8 3
140 213 10
297 555 5
753 534 5
134 148 2
519 596 4
267 870 4
953 361 5
61 341 9
859 639 10
749 623 6
992 312 9
59 430 4
113 96 3
555 380 5
726 420 3
588 317 1
165 535 9
764 958 7
298 302 3
148 445 10
597 29 6
529 172 6
12 905 5
329 628 5
331 156 9
463 432 3
73 967 5
912 116 2
323 412 6
678 908 9
38 751 5
127 247 4
705 428 9
42 50 7
841 536 4
157 585 5
497 165 9
101 31 4
958 753 4
193 820 9
453 305 4
441 684 8
136 70 4
149 914 1
441 708 4
198 493 10
472 662 7
614 279 2
841 850 8
662 116 10
23 575 6
55 722 10
656 635 1
210 633 8
828 777 3
173 291 2
327 128 8
270 766 8
556 93 6
230 599 8
890 845 9
998 983 2
358 249 8
617 658 9
925 939 6
708 204 5
239 184 10
621 954 3
405 435 5
441 670 1
705 792 1
663 227 3
773 109 8
273 349 1
546 50 7
524 658 8
562 348 1
589 370 3
153 588 7
300 480 3
552 801 5
304 54 6
862 529 9
33 912 8
11 93 1
383 801 10
49 99 4
796 837 5
838 329 4
246 920 5
919 32 6
775 535 4
255 954 10
466 485 7
209 372 4
269 740 2
41 53 1
822 761 8
934 290 6
322 172 5
7 258 8
630 257 5
897 482 2
779 961 8
15 751 2
848 587 5
522 610 3
468 261 1
346 135 3
295 882 1
692 656 2
454 577 5
633 146 8
131 968 7
702 692 1
231 422 9
221 585 8
927 489 4
991 985 10
338 540 4
487 134 10
156 802 2
431 543 3
268 355 1
968 290 9
907 500 7
237 70 8
858 545 2
651 78 3
199 271 9
697 317 7
891 576 4
577 273 5
381 261 3
986 748 1
911 453 5
237 447 4
159 174 10
270 645 6
798 731 4
165 147 9
541 282 5
153 897 8
784 995 1
665 641 4
198 375 4
873 447 10
413 282 6
164 983 9
564 87 9
422 931 7
354 603 8
403 544 7
891 877 2
472 85 7
968 416 5
244 160 4
162 815 3
384 32 10
69 11 2
752 906 5
995 425 6
883 405 9
181 506 6
184 581 1
899 719 6
412 314 5
835 246 2
628 90 3
210 885 8
997 903 10
723 546 3
579 162 2
606 835 2
787 600 10
939 618 3
633 428 3
118 390 5
781 514 6
618 689 7
755 498 6
134 270 5
735 345 9
640 585 9
891 39 3
728 444 1
32 576 7
672 566 8
326 502 3
266 146 1
26 757 5
301 79 9
168 569 4
18 211 7
288 888 10
409 101 6
992 305 7
272 178 3
2 190 9
745 455 9
286 317 8
755 736 4
660 970 8
143 462 1
607 535 8
370 187 4
400 992 5
589 719 1
749 581 10
29 52 5
847 834 2
707 299 10
383 209 10
17 145 3
379 335 8
150 648 3
994 3 6
237 565 2
160 565 9
285 734 10
296 480 8
383 963 6
958 135 9
75 158 1
349 639 10
152 52 3
90 330 3
553 209 5
986 939 5
440 563 5
146 155 2
514 43 6
51 407 8
712 231 8
155 1 10
580 547 4
145 445 4
723 806 8
697 37 4
964 69 7
727 306 4
869 678 9
128 591 9
785 130 1
721 966 4
168 506 3
300 424 10
734 148 3
10 754 10
270 793 5
206 21 4
412 184 1
178 628 6
243 230 9
247 895 3
618 449 7
196 833 8
983 466 10
538 649 3
468 159 3
933 341 5
51 481 8
353 415 3
397 671 7
774 39 5
637 821 5
233 237 6
297 617 9
807 470 4
66 764 3
925 716 8
891 639 6
215 6 9
868 953 5
712 431 1
708 247 10
824 933 4
83 249 8
548 974 4
541 238 1
36 299 6
648 655 3
98 559 1
155 981 2
446 582 10
594 666 8
131 817 7
371 1 3
445 719 9
573 530 3
241 146 4
756 276 2
601 130 1
654 850 8
601 482 6
69 992 4
151 380 4
364 40 3
597 312 1
882 534 1
282 331 9
468 37 2
712 309 7
666 725 10
380 292 3
180 702 3
889 627 7
513 795 6
156 894 9
479 342 6
573 899 2
627 719 2
504 946 10
24 595 3
491 403 9
286 922 8
743 742 5
128 721 9
393 952 5
304 620 1
437 857 1
733 336 8
812 228 8
730 873 10
818 879 9
428 342 8
413 915 3
641 640 10
607 911 8
880 47 10
923 405 3
774 172 5
845 367 5
531 240 8
918 230 4
644 69 5
662 431 7
379 525 9
903 445 5
586 25 9
147 204 2
131 750 3
437 968 2
694 865 5
47 138 3
538 435 1
864 560 8
951 912 4
651 614 7
985 777 8
988 292 4
370 152 3
841 467 2
559 585 2
166 334 1
575 819 7
715 240 10
419 973 6
132 50 5
118 590 1
647 184 7
242 29 10
476 581 6
323 333 3
731 831 3
40 28 9
269 234 4
554 885 2
305 136 7
76 253 3
251 748 7
763 910 2
385 168 2
18 717 10
192 74 2
730 147 7
720 917 7
961 873 2
370 66 1
458 239 7
725 731 8
265 146 2
172 945 7
118 405 6
490 337 2
890 799 7
874 848 5
301 218 10
530 490 2
765 128 5
990 176 4
804 484 7
320 724 7
77 461 3
285 33 5
702 653 8
982 80 5
964 361 8
878 880 7
134 562 2
441 599 4
335 374 1
392 569 10
623 311 5
670 566 7
458 524 1
851 975 2
522 830 1
68 665 8
855 555 9
227 241 4
73 583 3
56 252 8
258 854 8
541 725 10
820 460 5
474 499 3
495 170 4
478 735 7
277 955 7
281 924 1
919 864 1
421 432 8
747 181 6
151 416 7
180 199 4
366 156 9
516 662 7
542 722 1
556 693 9
791 37 3
284 386 3
427 81 9
443 48 2
652 480 10
905 25 3
332 529 5
80 303 4
180 468 2
278 414 5
83 437 2
316 673 8
19 887 5
135 977 3
743 32 3
744 404 3
980 106 1
427 888 10
648 181 4
803 133 5
630 520 6
218 148 1
466 379 5
604 917 1
400 930 10
580 782 7
978 739 2
40 546 9
533 475 8
371 835 1
975 974 1
15 223 10
783 373 5
880 996 1
361 612 6
566 645 3
972 531 4
322 692 5
376 822 7
425 64 4
165 334 10
692 584 1
865 320 9
411 801 3
595 347 8
498 646 4
416 656 2
512 66 5
707 463 4
765 779 2
742 940 3
385 129 8
284 589 2
204 46 5
175 706 3
875 1 3
911 332 8
990 403 6
658 940 4
350 850 6
822 992 3
365 936 8
114 8 1
309 300 9
876 847 9
100 113 8
262 119 10
877 277 5
978 896 2
16 910 6
692 41 9
98 193 9
617 401 2
463 680 4
859 472 3
219 965 6
48 879 9
681 111 3
74 167 7
321 320 9
173 585 6
123 45 10
824 20 4
842 827 7
588 667 5
731 99 8
828 62 3
566 233 9
7 709 8
725 204 10
708 160 8
56 240 7
893 419 8
686 834 2
350 441 4
178 383 5
397 947 5
650 547 1
965 931 2
731 169 4
85 212 6
358 169 7
480 279 1
259 125 1
2 109 5
341 63 10
578 548 7
190 206 10
211 535 4
668 429 7
616 171 6
891 839 4
321 632 9
919 704 8
793 800 6
189 455 4
486 763 3
382 480 6
613 433 5
915 481 5
899 612 5
16 122 1
356 305 10
441 48 2
123 554 1
700 949 9
668 212 6
935 351 2
346 656 3
792 699 3
819 666 5
732 530 8
870 160 7
63 851 3
537 767 9
774 928 9
113 376 10
449 564 5
626 795 9
551 22 4
978 348 6
554 767 3
591 374 1
223 451 3
56 518 10
355 781 1
231 761 2
277 257 8
181 145 4
829 85 2
486 766 1
662 564 10
202 975 8
864 586 4
157 378 5
578 707 1
802 944 5
238 96 8
565 887 2
305 341 2
781 752 5
94 48 8
865 901 8
642 595 5
658 168 9
69 979 2
783 703 5
983 530 4
207 386 4
179 769 6
860 824 9
663 981 3
819 137 1
444 290 8
696 737 8
40 33 8
719 306 4
505 618 2
876 11 2
3 153 6
345 485 6
274 217 4
780 476 1
722 870 4
964 211 5
359 493 10
111 626 3
65 564 6
413 328 7
68 313 2
923 794 10
840 940 5
264 472 2
605 345 8
424 557 3
546 863 1
539 678 1
193 626 2
218 262 3
964 508 4
575 485 7
295 917 10
772 337 4
562 314 7
698 507 2
562 755 7
752 831 8
139 570 6
449 270 10
362 512 10
301 583 2
777 551 2
44 40 2
135 192 8
319 863 6
736 67 3
321 434 3
414 934 6
469 987 1
386 954 9
706 928 7
977 456 1
553 598 6
887 576 9
907 491 1
190 944 3
339 143 2
849 43 6
954 620 2
422 193 4
831 456 2
793 915 1
560 653 4
988 907 7
432 160 10
13 600 7
515 60 6
838 638 7
659 579 10
614 760 7
565 598 3
943 726 10
554 740 2
968 590 5
33 819 1
159 296 3
370 286 8
603 956 5
25 974 2
331 859 10
687 997 3
646 48 5
992 472 7
836 810 9
483 877 8
465 811 3
217 724 9
284 243 4
521 44 2
728 681 9
656 775 5
998 7 1
408 416 9
680 837 8
157 945 10
809 171 8
447 770 1
448 327 8
912 416 2
407 689 2
322 240 2
748 624 6
695 39 2
82 556 6
270 999 5
2 827 8
707 612 3
909 867 3
227 533 5
687 465 3
810 236 5
193 397 8
993 596 9
8 438 1
962 781 7
633 539 9
3 144 4
405 142 10
659 954 6
143 302 8
463 792 2
703 24 6
785 103 2
43 845 9
796 700 2
371 666 9
334 581 4
78 802 1
868 71 4
229 577 6
747 18 5
9 197 4
705 108 6
723 362 8
512 641 5
73 125 4
438 391 3
153 749 1
742 167 6
500 899 8
981 854 3
514 700 3
400 440 9
922 742 8
975 147 7
422 31 10
888 219 6
644 15 9
390 861 4
69 333 7
758 943 2
387 608 6
238 175 8
258 242 8
331 196 5
723 915 1
734 774 10
69 55 3
752 934 9
841 651 3
324 819 7
810 109 10
297 456 3
418 829 9
926 731 10
448 190 3
666 34 6
328 922 9
588 624 3
684 455 4
186 652 3
77 70 7
641 931 9
625 733 8
763 150 10
45 283 2
675 368 3
202 188 2
464 559 9
251 931 8
568 492 10
854 77 7
157 617 3
399 296 7
40 769 3
451 391 7
582 375 3
75 268 8
936 315 7
659 961 6
538 154 6
121 161 10
473 282 7
383 265 7
624 318 1
821 589 5
463 329 9
29 322 8
310 58 9
542 969 5
245 331 9
46 196 8
164 120 1
612 577 1
90 91 2
225 362 7
23 530 9
864 500 10
69 604 8
676 962 2
83 462 10
232 211 9
471 341 9
736 173 2
91 238 7
633 816 4
804 722 10
304 269 2
779 69 8
741 715 2
840 818 10
378 26 1
259 508 3
437 708 3
18 832 2
388 239 9
176 250 9
92 121 3
80 508 7
739 417 2
276 721 10
366 709 4
407 605 9
570 147 2
182 343 10
917 906 10
574 610 8
247 712 9
548 639 7
342 847 7
834 138 1
262 831 8
413 125 5
359 680 8
331 131 6
712 87 9
396 34 8
630 434 7
121 91 1
202 737 8
775 229 4
423 150 7
906 315 6
791 550 1
934 428 3
156 168 10
590 501 6
730 4 4
548 70 4
372 544 7
260 993 1
418 466 1
782 195 5
95 415 1
517 712 5
325 656 7
427 905 2
650 657 10
186 276 4
798 178 9
50 183 3
384 377 5
507 754 6
285 978 2
138 198 5
227 14 7
93 537 8
588 796 6
582 548 4
12 346 6
408 841 3
999 383 4
259 47 5
810 798 4
214 5 3
682 196 10
219 442 9
1000 401 6
507 571 7
59 662 3
801 180 4
742 94 4
613 226 9
977 291 4
50 755 3
811 785 5
91 168 2
827 560 7
439 971 8
462 576 10
186 31 3
232 82 5
536 755 7
268 846 10
929 771 4
865 380 4
215 480 6
891 134 5
854 134 9
618 460 3
493 296 7
715 411 4
607 303 9
62 287 3
322 396 4
223 368 3
805 730 3
287 192 3
660 888 1
35 872 3
490 226 4
737 411 8
776 897 10
416 572 9
738 40 1
699 538 2
309 486 10
313 154 3
171 753 2
387 522 9
753 51 6
355 948 4
987 753 7
309 262 8
642 366 1
658 673 8
405 227 5
958 628 2
38 823 4
876 511 8
240 150 1
535 877 3
258 808 1
345 307 6
182 867 8
699 544 7
496 151 5
447 460 1
831 249 4
18 502 7
863 537 4
375 731 7
277 688 8
894 56 9
100 952 9
112 889 8
679 872 7
214 837 10
63 625 8
925 938 3
841 490 2
72 483 10
336 639 2
772 978 5
99 434 8
806 402 8
847 671 2
792 811 7
785 878 7
867 500 7
917 693 4
313 395 7
330 84 6
990 611 9
762 941 6
786 799 1
744 592 2
840 870 7
369 849 3
703 966 1
798 585 3
182 395 9
797 439 2
677 88 10
307 73 5
694 65 7
595 484 9
859 306 1
709 738 9
707 605 9
781 238 6
269 115 5
616 394 3
257 862 7
591 732 2
724 552 6
797 234 3
65 742 7
59 418 10
988 440 3
414 485 5
372 86 3
211 100 1
27 750 8
638 979 8
284 724 6
259 67 10
885 31 9
153 471 1
260 731 8
455 308 7
685 344 6
769 20 3
869 158 5
670 254 9
840 394 3
437 100 3
474 411 7
360 328 10
967 64 1
237 393 8
732 293 10
199 46 3
20 373 8
370 289 8
218 727 9
435 88 8
59 478 4
35 429 3
186 878 9
340 113 3
6 86 8
633 26 5
590 416 9
687 914 10
730 392 1
205 899 3
952 254 2
129 721 8
637 445 8
433 796 7
924 503 5
245 916 2
682 783 8
706 225 9
263 494 2
559 867 4
326 595 2
982 896 2
899 161 9
748 521 4
813 520 2
985 687 7
239 717 10
168 792 4
392 948 10
464 987 2
716 799 7
73 731 7
528 451 5
862 693 4
688 760 2
506 427 7
908 77 3
11 641 10
259 480 5
425 867 2
327 230 1
873 927 7
471 890 4
781 489 8
241 867 3
75 870 8
605 302 5
573 136 7
152 787 2
642 363 2
465 365 1
889 871 4
878 975 7
154 69 5
514 155 7
429 810 2
21 509 5
139 146 4
806 542 9
915 465 8
765 36 2
9 474 4
103 366 5
898 596 7
401 131 4
170 181 2
344 840 8
480 196 7
350 56 5
250 338 6
869 364 8
802 976 1
399 104 7
908 31 5
484 103 8
629 192 7
889 417 3
227 595 10
975 172 10
298 5 5
854 230 5
17 243 8
630 409 2
681 105 6
723 659 10
560 411 1
18 962 3
521 229 4
163 859 10
615 142 8
624 174 10
275 27 4
2 622 4
114 925 5
218 101 9
325 657 10
113 997 2
164 151 7
704 366 2
884 32 10
219 406 4
867 689 2
859 219 9
991 38 1
305 575 2
77 508 1
665 478 1
233 566 1
927 311 5
296 115 10
484 279 5
862 566 5
854 165 7
430 238 6
787 393 2
299 582 1
951 29 5
767 469 4
437 71 5
766 328 9
250 374 5
848 666 6
307 509 7
869 977 1
407 53 10
454 339 9
281 881 4
556 932 9
860 154 4
504 605 6
664 566 5
386 589 6
973 538 10
834 164 4
262 669 4
336 124 8
676 187 8
534 704 5
538 412 8
648 13 10
571 437 2
920 948 10
726 192 2
253 640 6
699 350 9
564 316 6
926 580 10
709 723 7
967 139 3
148 912 3
561 603 5
391 922 9
33 270 2
912 234 5
843 597 9
304 402 6
895 100 6
678 190 9
250 438 3
600 242 3
427 30 10
701 580 1
528 253 10
807 13 10
956 1 6
60 856 9
975 775 1
361 261 10
846 531 9
56 112 4
671 55 6
156 241 3
430 212 1
196 451 9
879 290 4
609 504 9
311 998 4
503 734 3
136 949 7
154 634 9
70 929 4
953 916 5
663 567 4
764 270 4
414 811 4
350 255 9
55 783 7
145 157 5
854 599 7
474 67 5
541 946 3
913 380 2
464 50 6
437 452 6
674 764 9
426 408 6
861 842 1
990 945 7
518 427 1
500 724 3
358 255 7
73 759 4
947 510 4
847 461 8
442 335 5
792 793 2
347 49 9
512 381 9
523 796 1
42 363 9
709 399 5
237 854 1
905 242 8
55 535 2
952 113 6
141 569 5
837 906 8
843 74 4
137 94 9
843 215 6
911 463 8
10 13 2
960 151 6
567 2 8
639 265 3
899 412 2
475 937 6
93 725 6
905 967 6
879 905 5
171 734 3
540 911 3
747 233 6
11 264 10
351 46 7
218 706 6
943 708 6
960 97 9
896 482 5
549 215 1
955 850 4
212 68 5
686 234 7
869 629 10
140 476 9
743 475 2
560 827 4
479 598 1
252 410 10
399 891 10
99 3 5
200 795 5
694 825 8
799 401 3
192 648 7
328 546 4
627 902 10
580 82 3
909 263 7
509 743 9
490 66 8
446 94 5
229 122 7
278 788 8
18 790 2
886 113 10
69 510 3
273 681 7
465 5 1
744 876 5
91 78 1
767 406 8
523 947 8
666 298 1
990 472 5
650 456 1
625 15 4
726 557 10
259 276 4
887 20 7
262 366 5
730 398 1
737 954 8
165 866 4
394 17 3
312 28 6
848 311 6
437 783 4
10 16 6
796 952 7
776 342 3
773 181 3
124 766 9
842 450 8
325 934 10
233 46 4
618 216 2
807 73 8
80 834 2
288 29 7
493 866 7
691 50 10
162 596 1
80 842 10
813 967 5
547 99 3
708 243 5
834 883 1
993 434 4
278 690 8
415 948 7
815 768 7
257 36 6
983 812 3
156 515 7
770 769 3
727 436 6
941 726 6
24 330 3
718 15 5
267 708 8
198 39 10
860 534 9
599 461 9
211 935 7
713 386 8
806 678 7
258 151 10
929 884 9
825 158 3
746 659 1
161 902 5
633 849 10
895 690 3
995 905 9
556 356 1
222 912 9
615 796 2
26 741 4
615 710 8
726 893 3
185 913 1
651 166 6
438 289 8
626 342 10
897 781 7
890 32 7
704 620 8
645 309 7
172 285 3
8 903 3
22 653 6
233 110 10
767 77 1
386 959 8
24 523 4
302 10 1
715 174 2
570 120 8
789 257 2
88 174 9
205 236 7
762 44 10
189 576 10
647 305 6
193 101 9
378 289 3
418 659 10
533 584 9
378 292 8
399 409 2
790 380 9
547 923 8
482 719 3
272 635 7
944 781 4
345 944 9
28 91 4
325 930 8
902 285 4
714 935 6
437 210 10
618 623 4
557 357 1
442 588 8
321 851 6
208 947 1
454 982 4
401 165 5
382 709 10
663 167 7
840 652 7
19 772 7
233 80 10
58 786 1
126 900 4
762 926 2
272 648 8
922 3 3
848 849 5
336 959 3
293 134 7
404 664 1
837 214 8
532 482 5
602 773 4
404 414 10
26 794 9
689 798 10
530 292 3
614 453 9
4 98 8
261 501 7
849 479 2
121 513 7
446 502 4
27 153 7
412 234 10
560 314 9
262 940 6
418 461 7
876 357 10
910 939 7
18 556 2
118 609 5
510 850 8
870 438 7
384 66 4
670 772 8
81 286 2
26 109 10
560 666 4
310 784 8
643 627 9
423 395 1
545 603 6
227 271 10
126 898 5
427 963 3
562 141 6
313 821 2
968 428 2
360 204 1
540 145 8
671 818 8
351 931 10
25 337 3
509 675 1
528 845 4
384 90 7
630 202 4
264 576 7
443 67 4
564 116 6
210 603 2
254 983 8
945 219 3
750 319 3
764 767 1
712 657 5
409 272 7
903 40 9
987 370 1
866 88 6
257 431 5
147 70 4
630 176 5
470 511 3
715 115 5
70 380 1
390 639 9
176 874 7
780 963 2
6 787 9
419 760 6
450 686 8
43 78 3
59 131 5
887 13 3
286 122 8
483 429 7
356 689 1
212 130 1
173 303 8
111 104 10
966 893 3
502 897 2
214 991 8
669 995 4
899 103 2
112 923 4
207 383 7
151 872 7
478 455 2
220 722 1
831 446 6
563 119 8
480 892 7
932 376 10
933 585 6
692 528 3
386 20 8
628 154 6
389 868 9
840 61 3
345 113 10
481 133 9
971 991 3
620 306 8
269 167 5
946 356 4
329 233 8
811 736 5
557 541 5
208 889 1
513 496 4
200 116 3
719 856 2
605 12 9
601 220 4
963 932 7
373 719 8
832 455 10
603 341 8
767 128 5
894 618 3
202 508 5
151 338 2
686 171 3
901 971 5
657 900 7
174 17 7
454 151 2
216 841 5
634 504 6
380 461 4
319 130 5
199 876 1
519 843 5
79 671 3
983 469 5
304 125 2
555 459 7
760 35 4
736 629 8
821 370 3
129 668 6
280 383 2
360 247 8
597 113 1
501 678 1
52 983 6
799 467 8
711 787 7
922 718 8
140 142 2
828 497 8
318 868 1
707 854 10
353 903 5
511 222 3
913 60 5
958 842 5
986 620 4
973 952 9
906 19 3
936 89 4
330 515 2
13 552 3
230 908 8
992 408 4
939 798 4
368 915 4
854 45 6
470 608 5
192 838 6
400 168 5
264 145 7
595 417 3
471 389 2
699 815 4
565 554 7
966 396 1
353 43 4
40 147 7
493 935 9
614 886 6
951 333 6
129 112 9
380 928 10
641 93 3
353 46 10
958 100 8
720 339 7
67 347 1
82 310 6
15 555 8
569 829 6
312 143 6
719 382 1
159 85 6
184 61 1
122 738 1
50 177 6
73 232 3
775 108 5
984 322 10
271 307 7
199 796 1
641 464 10
289 915 5
214 336 1
203 661 1
95 795 4
14 805 5
23 103 7
597 255 3
308 797 8
797 832 7
885 428 4
739 898 5
277 622 10
104 167 5
412 939 5
775 43 2
192 410 1
157 958 6
479 653 10
140 954 1
114 258 3
386 724 9
615 435 8
41 921 1
997 20 6
841 515 2
814 738 9
404 430 10
847 731 1
226 661 4
601 563 6
276 392 10
247 731 10
26 467 10
876 269 3
786 403 5
145 89 5
553 893 3
825 793 3
257 760 8
231 97 5
285 935 8
778 577 10
868 266 1
616 291 9
443 121 5
147 380 10
360 791 6
973 909 1
716 227 10
37 136 5
706 979 3
259 221 5
585 100 8
359 700 6
860 576 5
112 414 1
188 625 2
959 981 4
173 107 6
254 758 7
943 955 1
344 501 4
190 236 8
311 933 8
76 696 10
771 906 1
981 923 10
623 692 1
157 730 3
367 502 1
252 862 6
508 970 2
659 669 7
378 831 6
736 394 5
576 411 9
408 368 3
381 112 4
553 914 3
538 671 7
732 707 5
739 872 4
594 60 8
487 482 5
967 700 4
756 685 1
684 873 3
414 543 9
466 898 6
149 258 2
554 837 10
532 630 2
453 626 3
723 720 5
632 256 5
784 86 9
308 370 1
551 979 4
835 905 5
484 573 5
849 329 3
204 585 8
905 976 1
63 314 10
419 350 4
436 158 7
337 637 9
264 833 5
441 88 1
129 979 8
840 736 4
359 533 9
437 779 2
555 722 10
479 880 2
910 20 3
504 48 5
248 464 6
456 515 4
233 888 10
541 287 3
882 190 5
2 603 3
743 488 3
841 754 3
852 210 9
545 438 2
931 856 6
208 372 9
419 63 1
820 28 7
157 374 8
131 347 1
156 275 9
476 209 5
256 127 7
163 836 10
210 990 1
625 810 7
465 12 3
751 329 4
282 623 4
174 457 2
312 831 3
109 174 6
985 344 1
112 391 9
219 682 10
534 443 4
255 512 6
965 268 7
712 632 4
184 495 4
61 187 2
376 541 1
570 987 2
153 598 3
866 136 10
497 935 2
849 370 8
273 223 10
365 812 7
733 414 1
421 510 10
441 464 4
130 119 10
27 33 4
512 142 5
34 506 8
904 140 10
429 824 7
814 606 2
204 513 3
6 828 6
95 490 5
384 367 8
752 187 5
739 773 10
569 885 1
871 621 9
136 523 6
230 30 6
603 650 7
686 393 3
314 847 4
748 503 2
170 953 7
432 236 1
689 489 3
816 957 9
990 928 1
406 210 3
813 881 7
900 306 6
908 923 7
476 495 2
429 571 9
283 947 1
963 91 2
834 321 9
666 154 5
586 881 6
411 658 8
559 325 8
269 307 10
167 240 1
854 150 10
971 787 1
442 915 3
203 365 5
901 214 8
364 883 2
874 607 2
653 865 10
988 398 7
1 168 7
763 724 8
670 98 2
248 10 2
9 905 9
722 695 1
600 915 1
140 967 3
698 210 8
38 592 10
317 703 5
456 680 9
456 707 7
78 144 8
472 263 5
827 46 3
404 46 7
399 701 7
624 642 7
689 495 5
561 307 2
97 484 5
972 84 10
233 195 5
691 866 5
148 263 1
284 68 6
431 218 2
479 887 10
18 249 2
103 182 10
639 884 6
885 639 1
59 544 6
600 768 8
239 200 10
59 835 1
815 145 8
247 81 7
196 265 6
396 386 7
705 728 2
189 367 1
661 111 8
696 953 2
124 899 10
114 352 7
320 721 9
649 272 5
443 89 7
578 248 5
323 803 1
873 268 1
90 341 5
779 546 8
481 914 4
753 782 6
603 911 8
270 927 1
991 641 5
979 803 3
510 193 9
71 853 6
921 54 8
33 390 1
486 270 1
938 691 8
308 368 8
96 422 6
785 861 5
881 595 10
40 894 5
165 724 9
486 70 8
623 813 7
722 683 10
589 17 4
835 992 9
96 756 9
66 692 3
423 654 10
527 994 7
980 284 2
253 310 2
984 505 7
469 618 1
467 194 3
986 32 5
195 431 9
722 106 3
96 482 7
145 286 1
185 580 4
653 867 6
353 231 7
401 596 4
832 580 9
368 60 9
608 213 7
613 826 9
629 908 1
678 512 8
409 683 1
243 439 6
404 205 10
686 527 3
590 971 6
828 548 9
80 437 10
899 79 5
637 205 4
119 713 3
544 571 5
998 45 6
692 989 3
857 772 2
973 517 4
836 197 9
722 35 5
771 741 6
623 244 7
867 38 2
947 422 3
129 865 8
876 649 5
709 123 8
127 481 3
552 451 5
604 949 3
605 826 9
355 626 3
752 116 4
593 586 2
848 949 5
737 924 2
321 578 7
561 427 9
801 412 10
564 900 1
482 105 3
504 151 7
517 976 4
639 448 6
126 36 2
946 184 10
218 890 3
572 769 7
380 623 6
705 689 2
460 476 10
609 516 8
552 434 4
173 984 10
889 635 7
106 151 3
424 77 6
275 876 6
6 732 8
891 294 9
776 719 10
569 580 1
107 93 8
749 643 4
222 433 6
422 469 7
896 319 10
321 874 10
924 333 2
739 958 6
762 652 10
714 630 5
475 67 5
214 546 7
261 842 4
700 750 6
227 373 10
770 983 8
71 300 7
932 916 3
846 393 8
102 731 6
52 628 3
651 534 2
677 279 1
293 297 5
67 810 2
727 537 2
315 702 6
264 779 5
62 651 8
28 992 5
587 831 6
28 922 7
427 528 5
856 587 1
786 468 10
621 911 4
292 689 9
346 26 6
179 280 4
89 461 10
871 454 3
558 549 1
482 769 8
632 656 7
871 282 4
475 125 5
636 890 8
538 503 5
605 577 1
423 863 6
430 918 6
191 300 4
506 47 5
346 53 10
731 893 6
525 369 1
721 537 2
914 667 1
405 93 5
472 109 4
970 122 3
837 205 1
502 555 10
754 718 4
48 733 8
235 90 8
445 864 3
531 559 10
582 660 4
696 213 8
220 872 5
902 141 5
234 240 10
188 126 5
725 707 9
434 490 8
383 440 7
928 730 3
390 541 2
960 93 2
506 461 3
776 1 8
460 226 8
444 473 6
781 550 2
901 476 10
778 257 9
389 906 10
263 416 6
704 768 7
402 485 7
33 914 2
995 969 7
804 896 4
335 136 2
73 131 7
787 679 4
994 787 9
874 212 2
775 538 3
740 559 3
519 61 6
113 102 10
537 311 1
650 523 8
435 749 6
827 304 4
132 591 3
705 890 3
78 416 10
742 799 2
898 401 8
612 50 7
564 327 10
349 905 1
246 755 9
684 600 5
266 555 2
653 559 8
142 905 5
987 734 7
799 959 4
899 92 4
601 249 9
219 217 3
594 962 4
987 381 5
215 546 6
634 640 8
803 177 8
335 118 4
783 276 2
113 442 4
209 371 2
378 395 8
111 802 9
509 258 9
482 470 1
122 903 4
655 668 8
68 849 3
964 353 8
543 764 4
997 390 1
272 631 7
681 908 2
607 631 5
976 274 8
3 928 6
725 711 2
296 131 7
42 568 4
584 505 6
824 907 10
745 526 1
116 13 7
318 962 2
328 627 3
926 937 8
150 853 3
352 734 6
369 221 3
786 635 2
558 34 9
679 13 6
685 749 5
78 758 10
733 962 5
762 209 10
482 984 7
673 668 2
114 220 9
891 620 8
657 797 5
553 827 3
581 676 7
167 565 6
424 88 5
461 535 4
815 392 1
603 574 4
256 62 2
479 428 3
259 689 3
245 610 9
169 745 7
766 86 6
405 303 10
749 345 1
804 413 8
69 497 7
862 752 6
196 318 10
136 438 3
907 809 6
982 120 1
460 443 3
22 272 9
715 380 8
596 121 6
26 103 3
229 545 2
909 830 2
555 991 3
655 726 2
816 604 5
898 295 2
60 11 4
940 124 9
561 288 4
953 3 8
406 14 6
198 430 4
870 840 4
202 172 6
964 96 7
817 557 2
519 457 3
140 375 3
15 12 7
372 306 9
754 143 7
343 341 1
329 674 5
887 81 10
592 287 5
665 476 8
687 631 9
367 294 2
697 843 4
644 598 9
801 239 6
762 796 7
676 254 4
946 793 10
762 898 7
121 555 5
116 673 2
462 650 8
570 994 9
836 720 1
300 842 3
554 373 2
777 202 1
795 998 8
76 248 8
909 249 4
707 757 4
367 798 4
202 982 6
89 198 4
900 607 4
302 174 9
787 834 3
288 666 10
726 747 7
170 738 7
841 778 6
770 776 10
992 811 4
130 554 6
939 528 1
858 874 8
483 405 8
41 645 5
566 471 9
236 162 5
527 331 2
838 316 7
849 611 8
742 380 1
306 16 3
130 131 5
779 702 5
555 435 7
800 514 8
458 985 2
467 432 7
891 807 1
15 561 7
463 790 2
243 490 7
439 725 4
550 864 1
423 559 5
148 149 8
756 136 5
289 376 1
112 827 6
287 132 5
280 779 1
265 760 3
447 273 10
718 103 5
599 181 3
903 666 5
852 294 3
323 239 1
672 297 10
106 215 1
419 984 7
999 458 10
935 375 7
114 583 3
720 768 3
440 534 9
805 754 10
842 55 7
369 974 9
55 167 7
580 497 2
203 654 1
502 673 2
446 704 3
439 738 5
623 293 7
372 709 1
531 110 4
902 936 9
67 772 4
159 980 10
989 501 7
858 369 1
76 3 2
153 557 6
357 744 5
854 495 5
115 54 8
170 20 1
81 12 7
371 919 5
107 945 8
363 842 6
190 920 8
277 215 3
704 102 2
840 758 3
864 366 8
453 116 4
793 136 8
17 946 8
729 328 3
419 819 2
745 389 6
78 151 4
667 13 5
35 485 3
340 845 1
449 293 7
368 270 8
141 834 1
815 690 6
404 728 8
656 806 1
635 802 8
354 809 1
686 56 7
738 648 5
822 988 3
350 62 2
278 880 8
144 278 5
31 20 8
599 252 4
36 108 4
768 399 9
12 792 8
753 458 3
630 373 6
347 276 1
149 729 1
30 968 10
269 687 2
176 160 4
72 918 6
88 221 2
663 854 6
171 394 8
335 499 5
49 289 9
317 627 5
770 563 1
564 624 6
203 609 7
356 768 5
743 392 8
215 117 10
517 687 2
773 12 10
234 745 3
18 317 6
918 977 3
113 296 9
872 406 5
377 426 2
636 556 3
744 681 10
949 3 4
308 174 4
843 656 8
17 459 5
437 736 7
724 382 2
108 171 4
107 991 2
625 76 10
817 509 9
401 37 1
961 568 9
156 556 3
784 78 10
858 371 7
748 962 10
947 117 4
801 599 9
261 77 2
488 94 2
247 43 2
440 852 10
920 882 5
841 169 4
355 440 2
565 849 3
417 665 2
226 569 10
584 949 8
823 146 7
128 495 5
608 994 6
666 664 7
452 370 4
477 875 1
56 966 9
759 135 10
774 208 2
284 477 5
937 918 2
4 982 3
906 597 7
734 75 3
400 903 6
589 327 6
764 904 10
504 798 6
367 329 1
876 289 8
57 96 3
366 855 3
156 213 9
790 465 8
804 796 2
341 806 6
770 795 10
969 643 4
988 493 2
984 11 10
912 491 5
143 201 1
878 850 10
818 576 1
298 588 5
546 607 10
208 261 2
966 895 7
926 16 9
159 665 4
765 914 8
748 809 2
551 35 10
807 977 1
790 91 8
270 929 6
575 41 7
32 945 4
443 840 4
254 119 4
977 823 1
540 316 6
901 618 7
145 128 3
823 350 7
816 991 9
469 104 9
918 377 4
761 112 6
928 732 8
325 772 1
817 21 10
284 296 5
394 14 8
666 17 10
958 676 9
717 395 2
352 637 1
978 903 4
267 851 8
811 659 10
877 652 9
888 282 5
582 619 3
867 389 8
27 460 3
948 736 4
555 750 6
402 489 4
594 100 2
366 576 8
225 353 3
30 527 2
935 440 7
724 937 2
492 706 3
459 629 9
573 564 3
95 799 2
589 440 10
174 416 4
506 872 4
202 991 6
749 837 10
135 403 9
122 237 1
667 429 1
301 495 6
877 762 3
146 646 2
136 390 3
316 691 1
299 552 10
70 335 10
14 227 7
468 563 9
575 614 6
717 258 8
181 783 8
165 723 9
382 727 9
282 580 7
796 459 2
389 946 3
864 470 6
242 415 5
726 602 1
899 879 6
52 441 7
934 3 9
285 673 10
48 729 2
598 753 4
812 648 2
163 135 10
167 528 3
128 408 9
313 389 4
392 658 3
698 871 1
586 925 1
633 273 7
13 813 9
579 828 6
353 671 5
929 239 5
994 120 9
780 255 5
230 180 6
366 885 6
692 175 4
515 72 8
417 711 8
10 865 7
394 537 2
323 587 8
327 630 10
482 135 5
938 997 2
211 191 8
444 876 2
263 963 3
322 729 10
362 889 5
419 655 6
32 483 9
712 894 7
801 756 5
238 465 6
370 181 1
320 992 10
76 618 7
361 49 8
591 970 9
145 271 3
343 986 4
181 474 1
224 606 6
605 571 6
91 380 6
648 522 8
330 576 5
483 208 10
902 674 5
963 544 4
676 733 6
734 392 4
185 88 3
786 250 2
357 406 10
127 366 2
894 918 8
6 58 5
174 924 8
251 832 6
146 4 10
175 659 5
76 292 6
879 69 5
337 911 6
267 913 7
40 825 10
947 680 7
220 259 7
141 539 2
37 615 9
607 237 7
870 71 7
445 905 7
98 668 5
96 486 8
902 994 6
784 822 1
314 275 4
136 991 4
16 723 5
466 876 6
688 729 6
951 616 5
730 261 4
719 581 6
432 734 2
542 785 9
607 43 7
919 264 1
35 581 7
701 460 10
338 772 1
710 542 3
599 308 1
139 642 7
242 871 2
441 169 3
347 73 3
530 38 1
120 866 9
777 40 8
425 356 5
314 482 2
649 295 10
540 654 3
447 334 6
569 960 8
234 930 4
385 474 4
378 282 5
69 588 7
447 350 6
122 990 9
392 628 10
971 638 7
360 651 8
641 789 4
70 595 8
361 405 8
771 818 7
792 3 3
463 74 6
557 269 7
999 239 6
149 743 8
248 126 4
286 131 8
980 583 9
724 690 6
438 163 2
85 597 7
146 70 6
844 84 2
461 139 5
944 812 8
285 125 10
281 71 1
520 80 2
917 186 3
292 310 6
798 265 2
744 724 3
595 624 7
111 187 4
491 368 3
217 651 6
248 514 7
247 676 8
264 751 3
609 217 9
181 940 9
202 942 3
73 824 5
793 530 3
773 611 1
8 823 8
128 336 6
709 558 8
461 578 3
672 456 6
703 798 9
225 645 2
153 874 3
311 734 8
937 576 1
904 675 5
105 679 7
782 440 1
352 716 8
188 909 5
354 823 3
648 263 8
150 351 7
806 104 5
419 243 6
199 552 3
716 976 1
35 183 3
813 590 5
282 275 7
207 36 5
741 622 6
815 381 8
556 772 2
433 211 1
541 119 6
506 203 10
799 645 6
763 171 5
292 253 7
687 321 4
390 101 3
463 976 6
830 86 3
286 359 9
966 442 2
833 523 9
234 122 10
521 817 10
522 948 9
17 289 5
522 22 6
893 523 1
339 985 9
696 107 8
84 355 6
601 936 1
400 925 4
263 40 10
267 495 5
836 526 4
994 570 2
464 732 9
355 607 1
216 178 10
718 79 5
769 105 7
918 716 8
186 868 6
483 149 8
172 89 8
616 315 2
440 691 1
190 722 1
426 464 5
209 177 2
194 642 6
918 841 6
780 581 10
667 689 4
995 678 10
29 247 3
649 177 1
417 144 9
550 535 7
448 931 7
288 795 2
928 735 2
702 567 2
840 198 5
598 951 10
394 898 6
617 900 8
25 302 10
390 411 8
700 935 9
279 776 10
260 972 10
205 505 2
682 775 7
636 364 9
159 306 6
242 4 9
473 70 7
19 41 7
168 278 9
745 956 8
876 427 6
105 516 4
197 955 2
637 343 7
952 786 8
823 318 6
207 975 7
238 710 6
201 183 6
940 789 6
943 898 9
528 637 3
244 583 6
627 550 9
721 132 7
322 513 3
163 925 10
422 729 7
64 535 8
190 379 4
794 837 10
458 560 5
768 545 10
379 713 5
275 283 3
388 137 10
51 990 2
671 946 4
404 601 4
833 808 7
405 181 7
458 827 9
747 911 5
935 322 1
308 670 4
749 132 9
475 111 4
285 483 5
314 177 6
35 77 4
910 248 5
818 175 3
706 669 10
926 272 10
841 164 10
313 513 1
81 512 3
232 149 8
125 684 3
686 688 9
441 897 2
747 682 6
664 524 1
399 502 2
615 705 2
220 813 9
5 483 3
755 403 7
719 504 1
514 125 3
774 515 5
773 622 10
993 258 9
136 491 4
487 213 3
21 460 8
131 306 2
792 386 9
318 598 5
582 317 5
693 190 1
218 917 7
197 931 10
425 841 9
803 539 2
37 188 10
622 389 9
951 389 4
250 632 2
640 788 7
915 29 5
889 363 5
526 543 6
264 137 1
895 463 5
683 604 6
294 516 6
398 903 6
699 854 6
30 20 9
964 482 6
274 260 5
211 991 3
601 756 7
566 158 10
149 463 8
988 888 10
439 330 4
127 320 3
3 170 8
969 293 5
223 839 6
542 249 8
781 75 8
209 225 9
257 143 5
777 533 10
180 112 7
554 85 7
44 546 7
598 890 3
530 152 6
84 261 7
736 204 5
846 295 1
639 27 3
729 664 6
120 954 8
352 824 2
174 791 5
915 745 1
555 419 10
499 422 4
157 315 7
776 314 9
910 303 8
312 198 10
688 222 1
94 434 7
739 207 6
246 861 3
193 703 8
779 133 9
340 123 2
735 369 6
851 709 1
585 158 1
891 929 10
342 852 8
343 68 6
150 576 9
59 871 9
640 89 9
792 873 1
173 487 6
888 799 9
833 832 1
945 99 10
285 651 4
576 637 4
302 71 2
132 739 7
73 789 4
937 890 8
490 859 5
801 247 10
763 545 6
558 325 9
292 492 9
607 564 1
698 823 4
191 524 1
83 497 4
850 821 10
256 733 1
241 592 9
537 76 6
587 518 4
18 124 10
244 239 9
908 397 7
860 990 1
465 360 4
54 278 7
996 494 8
366 265 7
578 447 4
708 287 6
654 931 3
751 475 10
625 249 3
853 838 4
197 574 9
184 682 4
373 561 9
426 931 10
378 816 2
288 614 8
557 328 10
513 811 4
285 694 5
666 869 3
33 803 7
183 723 8
408 38 1
633 322 6
603 182 7
982 942 7
257 921 5
740 703 5
34 914 6
316 187 5
50 501 5
564 966 6
349 187 6
708 379 10
206 295 5
772 915 8
248 921 9
742 197 6
821 195 4
373 102 5
84 90 1
393 52 9
939 229 7
183 118 7
990 552 7
419 837 6
328 484 8
868 554 3
964 271 6
737 275 7
181 885 4
432 358 5
372 855 5
967 514 5
474 797 1
143 7 1
623 702 7
973 6 1
453 211 10
626 253 8
129 864 9
90 825 5
71 247 4
785 319 1
208 488 4
694 773 1
675 689 1
163 765 1
282 426 5
286 39 9
472 256 9
447 696 7
655 359 5
279 549 3
456 219 4
308 585 4
114 762 5
414 225 5
894 172 6
245 300 7
484 962 9
595 666 10
87 12 7
224 636 3
11 756 10
287 830 9
272 739 6
597 769 8
777 970 7
80 840 7
835 945 3
532 293 6
724 811 4
865 281 1
109 738 6
916 837 3
828 561 4
107 207 4
182 816 9
110 860 9
188 779 6
13 4 2
753 896 8
367 897 4
756 384 3
185 64 10
940 548 10
324 77 3
62 717 8
262 288 2
302 690 7
830 272 10
200 198 10
919 514 9
596 872 8
554 518 2
820 408 6
523 84 7
808 585 1
4 180 4
698 29 9
908 994 7
53 874 8
917 46 2
758 511 2
571 680 5
610 955 7
345 3 9
23 735 4
639 487 1
8 982 2
353 112 3
257 297 8
732 819 4
980 307 6
773 557 10
876 654 6
672 481 4
248 681 5
464 254 6
949 302 3
65 635 6
565 835 7
707 955 7
561 637 8
450 392 2
232 314 9
596 971 5
838 592 7
386 303 6
123 593 10
540 730 2
56 920 2
53 897 4
637 518 4
713 680 8
81 479 7
217 635 2
886 507 8
405 79 6
132 733 7
488 768 7
326 14 4
238 64 8
421 411 10
720 165 2
149 869 4
464 200 6
818 99 5
805 173 7
865 106 8
6 879 7
468 767 3
150 723 3
461 561 7
789 885 2
301 196 10
926 473 5
437 574 9
670 357 2
268 270 5
694 268 2
812 763 1
393 558 1
923 893 7
630 256 1
719 136 5
282 285 3
315 680 1
628 49 2
513 698 2
224 580 5
876 6 6
527 876 6
663 826 9
676 972 1
796 315 8
551 978 7
44 541 10
611 709 5
289 63 6
5 788 7
352 644 3
382 665 1
430 46 4
303 677 3
405 2 3
801 551 5
928 339 4
401 765 1
925 672 10
925 510 4
392 144 9
90 238 4
356 72 6
889 878 9
737 539 8
120 261 6
584 532 10
161 795 3
824 599 7
946 222 8
88 152 2
322 740 4
683 808 8
210 35 6
693 301 1
263 465 5
742 600 10
652 140 9
626 223 6
319 167 1
372 285 3
697 688 6
486 382 8
585 436 10
48 836 5
811 707 4
708 519 1
456 666 2
474 445 4
167 811 6
188 899 2
136 703 4
427 241 7
535 36 2
687 186 7
167 10 9
384 208 8
694 393 9
320 374 7
735 408 1
455 95 10
317 746 8
30 941 8
224 181 4
882 99 3
823 404 2
644 218 1
697 544 5
631 945 6
204 51 2
929 353 1
437 1 8
891 441 7
904 239 1
500 700 1
725 670 10
971 475 3
801 619 9
143 224 6
386 336 3
370 353 5
346 477 6
58 493 2
713 615 3
806 748 1
937 117 10
515 108 2
938 672 4
634 240 8
774 106 5
165 451 10
832 854 4
779 941 10
160 472 5
320 913 2
183 850 2
691 470 9
500 217 3
906 632 5
10 479 2
259 48 5
192 463 3
918 846 5
934 743 3
479 975 5
162 131 4
178 809 4
813 60 2
845 172 2
688 804 6
285 867 3
270 914 9
939 458 2
154 565 10
859 666 2
900 567 5
792 689 9
652 245 5
810 886 1
570 17 4
374 136 6
168 748 6
424 657 10
957 363 4
353 281 2
783 970 8
486 359 5
68 207 7
294 655 9
945 274 3
103 18 4
399 752 3
794 491 4
61 58 5
193 873 1
281 815 3
852 392 2
518 892 8
781 712 7
615 662 2
865 753 8
237 894 7
174 315 7
590 660 5
357 894 9
397 409 9
589 733 5
295 165 1
387 173 1
996 938 6
845 609 5
739 485 1
512 298 8
160 520 1
18 247 10
246 465 4
844 786 5
324 761 9
392 192 5
275 906 1
893 424 4
895 214 7
221 527 9
523 621 3
316 865 4
826 653 4
333 25 5
373 422 3
882 696 1
35 164 3
275 736 6
793 824 4
298 978 6
751 588 1
702 897 6
596 918 9
160 359 1
980 125 9
717 281 2
285 151 7
860 718 5
838 44 1
512 354 7
340 979 10
956 344 7
179 334 5
685 181 2
985 877 7
194 556 6
81 379 4
849 291 1
324 653 8
404 910 2
945 797 2
81 440 1
934 186 8
76 539 10
607 120 4
666 467 6
70 103 1
978 478 2
305 70 5
383 699 10
220 527 9
448 412 2
20 595 1
989 62 9
552 26 3
588 435 1
567 803 3
600 451 9
640 852 1
625 779 4
831 810 7
312 875 7
48 590 10
628 288 4
94 741 9
499 536 10
526 929 10
948 427 3
581 171 8
168 489 3
300 44 9
387 712 5
680 445 9
403 59 6
192 655 2
290 317 9
935 123 4
203 187 9
453 850 9
870 302 8
518 989 4
308 130 4
44 636 7
547 861 5
337 329 9
229 761 6
507 945 5
759 205 3
844 351 2
234 417 5
340 242 10
716 269 8
617 645 6
570 260 3
541 706 9
708 958 3
491 169 3
973 561 1
793 734 7
937 927 10
503 655 3
755 358 7
429 301 1
33 794 3
871 76 2
156 657 3
89 775 9
912 178 8
952 158 4
193 362 7
504 983 10
927 139 5
457 552 2
574 340 7
362 787 1
996 396 6
917 48 5
700 761 3
647 313 5
208 294 6
257 398 3
234 851 2
369 823 2
840 693 6
100 53 9
250 599 9
840 521 10
163 972 4
708 15 8
139 438 9
986 922 3
698 424 6
689 14 7
581 534 7
685 334 9
664 379 2
440 265 2
393 976 4
785 287 3
579 113 4
377 796 5
943 282 7
398 158 1
436 834 2
490 827 8
777 831 7
488 942 2
396 659 7
111 706 9
65 195 6
774 118 3
640 894 6
296 997 9
125 924 2
242 857 1
866 426 4
573 959 1
327 770 4
307 458 4
13 61 5
764 549 8
862 403 4
819 97 4
884 13 3
879 994 10
944 141 3
532 968 7
233 692 10
614 695 10
828 518 9
691 932 2
348 113 7
238 920 9
632 156 3
197 165 2
710 863 10
658 835 5
964 597 10
339 505 7
421 538 2
463 191 6
950 16 5
790 385 6
475 37 7
545 773 6
402 308 8
978 679 4
872 438 3
782 245 10
449 777 4
222 84 6
975 619 5
669 514 4
363 854 6
713 867 1
710 163 4
19 299 10
901 305 8
335 951 1
290 329 4
412 221 1
582 748 6
594 820 4
639 463 1
187 160 10
430 6 1
401 869 3
632 120 8
44 377 7
171 77 3
93 997 4
987 308 3
18 235 4
708 737 8
556 763 1
172 77 6
876 417 9
489 792 2
30 311 2
580 207 4
941 629 5
932 120 1
603 953 7
568 13 4
984 463 10
818 877 5
804 167 6
683 383 10
991 705 8
751 97 1
12 321 6
54 388 3
19 4 8
962 615 7
788 898 3
535 296 10
847 988 7
188 879 4
451 367 2
823 939 3
959 534 2
504 809 4
734 279 10
198 817 10
499 697 10
945 887 6
143 35 4
374 619 9
480 131 8
27 93 1
287 582 9
763 2 5
106 483 1
798 452 7
25 633 10
342 214 9
866 351 1
663 349 5
895 917 2
258 907 8
113 271 1
735 443 9
130 178 6
675 435 3
231 396 4
17 9 8
206 162 9
333 96 10
788 618 3
193 286 7
172 69 6
987 514 7
881 699 8
103 825 9
646 145 10
235 308 1
847 53 10
247 978 1
616 99 10
21 427 1
283 622 2
305 387 5
613 296 2
659 545 5
555 107 10
357 72 6
452 60 4
849 927 8
311 123 2
918 103 3
730 2 8
623 224 1
676 421 9
149 410 7
315 274 10
275 263 2
149 824 1
937 565 5
764 426 9
819 953 9
58 479 7
366 430 4
46 700 6
19 2 3
293 838 5
306 86 3
365 169 7
175 48 9
553 284 9
807 62 8
782 802 10
730 612 5
357 727 3
536 624 5
21 937 5
186 616 7
44 795 3
839 587 6
51 570 6
390 145 5
771 535 7
635 49 8
348 882 10
577 322 6
75 43 2
569 747 1
437 349 7
349 28 7
345 526 1
202 746 8
329 399 1
338 129 8
715 379 3
13 719 10
249 226 9
122 494 8
781 246 10
484 288 1
465 140 4
637 64 7
894 834 4
20 329 2
147 683 2
989 281 7
87 592 2
287 317 10
932 231 4
792 901 5
607 259 5
414 888 5
667 320 2
489 660 9
690 542 5
239 842 5
976 91 8
697 247 1
88 222 4
794 410 2
64 520 9
452 763 8
854 648 6
294 292 3
555 494 10
77 592 9
354 42 7
360 543 4
145 217 6
735 282 10
287 998 3
582 18 10
615 130 10
143 732 9
896 963 4
341 208 9
665 210 9
551 133 2
306 439 2
396 901 4
94 554 5
944 955 10
211 778 9
644 788 9
550 588 7
746 682 2
395 572 8
439 297 5
928 163 6
789 83 5
951 852 3
989 720 5
371 942 10
926 877 2
508 331 10
394 181 7
344 39 3
581 210 4
709 996 5
981 604 10
673 439 5
943 484 3
94 911 6
848 893 8
595 743 10
395 462 4
782 156 2
978 141 7
557 554 8
620 537 2
261 543 7
930 430 2
39 195 2
614 934 2
199 104 7
748 422 3
481 224 3
500 206 9
737 945 2
256 351 10
837 826 8
315 882 9
820 297 7
721 927 2
964 718 7
228 614 3
358 993 9
164 476 5
367 764 3
507 431 5
421 763 10
133 336 2
896 46 10
815 867 10
142 951 3
930 610 8
487 864 10
56 153 1
355 678 3
284 54 8
642 956 2
274 415 2
255 159 10
513 142 3
121 376 6
773 167 10
115 214 6
901 831 6
663 296 8
909 777 10
476 256 7
589 905 6
799 663 4
682 224 3
410 808 2
955 452 4
976 706 10
1000 536 9
852 34 9
542 863 4
321 234 5
642 335 8
109 790 7
506 629 5
334 890 9
637 446 6
965 107 4
411 338 4
9 233 5
927 632 1
119 779 3
186 973 8
168 662 5
333 736 5
837 718 3
428 654 8
228 392 10
401 190 3
375 45 10
777 283 6
682 199 6
790 984 3
47 256 2
756 796 3
904 185 9
856 681 4
256 334 6
846 658 3
772 313 5
679 135 3
797 16 5
276 994 2
122 929 10
864 31 8
505 610 3
200 684 3
396 583 8
952 329 10
506 854 8
287 567 3
806 921 4
495 150 8
848 80 10
498 389 4
286 270 1
645 490 9
864 363 8
584 287 1
63 759 1
677 610 10
555 152 3
968 483 8
164 836 8
588 115 10
325 636 7
992 926 10
671 761 3
431 292 1
486 105 4
939 392 2
943 166 2
405 119 3
867 787 2
945 689 1
314 222 3
249 104 3
199 483 6
705 981 8
159 408 1
966 291 1
624 331 2
990 103 4
994 56 6
357 478 2
101 776 4
700 848 3
278 659 7
758 286 8
860 741 6
990 32 3
348 458 4
193 604 1
813 437 3
374 657 6
133 467 10
314 294 5
390 649 7
316 803 3
141 56 9
585 286 3
121 144 6
600 60 4
992 345 9
756 569 5
31 911 2
19 32 3
322 79 1
229 833 7
330 412 2
239 518 7
842 762 6
49 394 7
987 120 4
840 333 1
383 757 1
78 773 3
672 180 8
200 456 4
274 66 9
932 857 10
973 981 1
936 324 1
45 386 6
318 117 3
19 177 6
128 296 3
603 481 4
153 135 1
323 920 5
614 397 4
814 930 10
652 544 7
937 28 2
296 428 1
219 774 9
759 35 7
533 369 1
319 936 4
68 904 9
306 695 3
523 249 1
641 615 10
581 194 6
373 623 8
787 827 7
138 965 10
154 181 8
564 973 4
220 731 4
303 14 1
784 663 3
799 837 4
896 175 1
57 566 2
962 382 7
951 272 2
511 755 5
778 730 8
1000 972 10
365 852 3
15 882 6
482 27 3
911 538 5
973 155 7
613 169 9
446 716 3
667 102 6
26 136 10
108 402 2
882 131 4
531 536 7
687 924 5
438 367 6
49 994 2
101 10 9
942 633 2
530 716 5
541 892 4
489 873 3
862 993 10
244 489 2
570 466 8
25 566 7
345 549 3
329 88 2
681 822 6
954 1 4
765 420 7
374 964 4
757 966 2
708 610 7
760 942 4
6 282 10
369 571 8
101 356 2
18 603 7
770 357 8
398 371 8
323 788 3
711 834 6
273 693 4
7 930 5
174 922 1
994 580 2
647 248 10
988 513 9
835 430 10
966 765 10
929 358 7
739 870 4
982 810 1
42 642 8
621 706 2
411 359 9
15 465 7
195 873 3
257 375 10
209 760 5
716 453 7
833 659 5
28 411 1
766 23 5
390 967 7
742 449 3
489 785 7
138 412 7
649 172 9
631 470 2
699 21 10
601 62 4
973 111 8
833 402 6
592 257 6
70 564 2
944 35 1
258 566 3
93 181 8
463 94 5
847 379 9
390 893 10
881 401 1
928 714 2
136 162 5
598 177 4
594 11 6
931 251 7
910 243 8
504 565 9
463 282 7
144 306 5
897 676 9
176 825 7
399 445 3
592 792 10
142 892 2
245 375 10
912 635 2
838 147 5
499 205 2
94 377 7
956 898 10
454 420 10
914 6 10
311 70 8
237 697 1
401 560 8
284 3 3
55 154 10
672 741 7
554 289 7
548 61 2
639 834 10
696 443 8
870 841 2
31 747 3
846 151 7
368 981 9
287 520 6
273 331 5
222 329 6
737 999 6
106 456 7
836 155 2
492 726 4
333 412 6
819 417 6
102 833 6
822 851 7
238 207 2
77 269 8
233 932 7
26 198 8
900 887 4
377 912 4
741 693 8
732 546 10
861 795 9
145 489 1
252 276 6
157 372 3
939 64 5
922 674 8
310 919 10
197 500 9
282 908 10
578 372 4
416 527 5
314 35 1
162 396 5
623 177 2
623 650 1
546 581 6
784 221 6
275 99 9
103 985 7
249 300 4
759 565 9
713 835 4
681 316 8
925 93 10
646 227 7
504 53 9
821 634 2
838 546 9
965 319 4
81 494 6
679 428 2
900 880 6
881 760 9
184 598 4
48 585 2
295 349 3
285 259 9
272 196 10
149 160 8
736 265 2
764 832 6
351 897 9
151 386 5
465 216 2
749 712 4
160 909 5
628 413 9
134 904 7
433 37 5
153 244 3
855 843 10
298 614 10
930 785 6
318 869 5
376 6 4
88 36 2
557 549 3
352 686 6
961 860 10
747 218 1
213 131 1
133 694 7
607 682 4
353 212 4
389 439 9
286 432 3
215 758 1
261 577 8
206 232 6
871 277 4
878 444 2
948 345 5
367 485 6
251 113 3
260 880 1
303 983 2
54 581 10
944 71 2
869 759 5
985 892 5
156 503 2
86 98 6
888 637 5
272 440 7
62 250 6
971 497 8
745 367 6
478 888 6
576 808 4
977 95 3
768 120 3
681 362 9
67 394 4
443 896 7
912 130 6
580 237 6
777 232 7
384 371 5
722 740 4
851 915 1
818 156 4
199 462 1
55 201 3
597 860 9
967 661 1
398 976 2
828 123 1
676 340 3
340 872 6
355 866 3
431 132 8
946 622 5
57 687 8
417 395 4
911 521 1
849 115 8
80 439 5
90 703 8
744 847 1
938 6 3
908 263 8
788 799 2
633 423 8
361 175 4
436 376 4
597 640 4
62 560 5
589 897 9
374 996 2
961 719 6
189 934 10
138 251 4
351 855 8
969 481 2
170 203 7
531 999 9
254 893 4
89 876 3
755 396 7
160 726 1
538 420 8
445 936 5
948 591 8
675 528 8
249 86 6
377 322 3
689 368 4
815 916 8
271 656 9
987 444 4
757 950 10
612 586 5
823 543 2
135 154 10
124 638 2
15 780 9
807 863 9
139 544 2
793 589 8
456 645 2
54 599 5
807 347 10
834 587 7
471 6 8
270 649 4
860 67 8
600 426 2
986 571 9
234 864 5
45 810 3
418 529 8
913 528 5
142 70 6
271 731 4
251 115 1
816 382 9
700 606 3
907 805 2
707 791 1
86 527 3
541 280 2
282 480 4
49 3 6
493 559 3
359 40 5
894 465 4
23 825 4
52 12 6
796 910 7
563 838 7
639 440 9
309 876 4
324 316 5
735 677 5
56 750 4
317 123 2
137 662 6
410 515 5
706 983 3
339 390 10
488 134 7
124 113 10
522 984 2
585 870 2
396 959 5
86 677 5
486 754 10
484 996 7
777 700 7
74 788 4
729 641 2
696 152 9
36 228 1
660 366 1
8 850 2
124 647 9
628 412 5
732 278 10
774 772 4
963 507 4
910 168 10
151 7 5
554 560 1
717 640 5
973 724 1
464 754 2
227 62 8
525 980 10
957 16 8
223 684 4
888 423 6
112 777 2
994 159 8
852 958 9
149 804 1
981 12 1
502 761 6
838 960 8
181 445 8
544 16 2
934 125 8
664 717 10
204 187 10
766 761 8
882 397 8
145 534 8
46 228 8
604 87 1
8 753 5
10 143 8
990 9 4
490 328 5
881 102 3
228 867 5
815 673 5
551 939 6
893 945 8
826 610 5
416 433 8
519 224 9
959 484 8
262 705 7
625 701 10
752 420 6
505 856 10
231 326 7
228 510 5
277 390 10
235 954 10
982 844 1
611 314 2
142 787 9
403 316 7
387 48 7
298 930 9
856 555 6
218 505 7
1 961 7
364 231 7
636 287 3
883 501 6
42 917 6
408 116 8
115 477 6
209 393 2
671 89 8
247 505 5
977 177 3
152 919 10
72 681 9
638 757 9
257 16 1
426 368 6
530 862 8
629 582 3
819 796 1
31 610 10
368 676 8
43 533 5
200 46 1
241 509 6
835 173 5
516 538 7
445 118 9
778 134 10
106 378 6
612 266 7
229 697 10
552 902 7
114 346 3
748 800 4
163 976 7
157 42 7
212 359 3
222 153 9
257 561 8
28 744 9
354 365 10
327 943 3
662 78 7
189 939 8
83 140 6
674 440 1
327 594 6
775 399 1
617 334 7
207 419 6
83 522 3
831 577 1
66 490 6
856 990 1
257 154 4
879 450 7
694 885 6
43 278 6
248 985 10
485 493 1
598 89 5
909 171 9
995 34 2
308 740 5
553 544 9
607 621 4
755 838 5
198 852 1
604 582 7
454 528 5
658 457 5
334 861 2
447 940 6
162 416 10
854 706 4
74 610 1
1000 567 10
840 913 2
784 445 1
949 388 10
968 139 3
852 972 5
975 72 4
173 665 1
529 764 9
623 306 8
162 983 5
758 173 4
634 553 9
522 676 7
604 910 1
528 59 2
478 113 10
858 322 3
842 657 1
277 71 8
821 407 4
329 646 5
148 457 8
543 472 6
800 343 4
696 619 8
453 609 2
778 271 8
979 154 2
397 845 9
977 594 6
994 367 5
834 252 10
671 752 4
953 535 6
304 747 8
755 575 1
626 981 5
128 598 5
463 946 8
492 335 6
756 239 5
578 597 10
223 948 1
391 929 9
492 957 9
148 508 8
388 87 7
583 459 7
88 628 10
261 552 7
656 610 8
453 948 8
120 598 9
297 450 2
739 93 8
334 559 1
860 162 3
261 688 6
960 178 2
823 447 10
387 574 1
270 630 5
456 795 9
698 521 10
113 641 7
309 18 4
274 963 9
108 925 3
141 135 10
772 800 7
920 185 8
320 901 7
652 395 7
89 871 4
303 992 2
223 790 5
980 963 10
741 774 1
241 312 4
616 127 9
837 319 7
565 23 1
767 491 9
941 379 10
741 745 3
667 842 2
990 502 10
902 241 4
32 187 5
829 832 6
186 759 7
734 96 3
519 631 2
143 860 6
502 453 8
702 753 7
22 555 1
912 937 4
155 40 1
928 206 7
118 264 4
891 456 6
670 162 2
31 242 5
683 953 10
359 515 9
135 773 6
413 839 10
931 725 9
87 317 7
181 823 4
27 720 9
178 450 6
620 323 9
72 235 1
685 706 2
498 362 2
383 903 2
5 164 5
591 589 9
515 429 8
697 294 10
548 586 8
612 522 2
754 568 4
233 913 3
863 623 3
930 627 3
541 423 8
743 460 3
989 320 1
72 50 8
669 500 4
41 146 8
595 198 3
251 212 5
344 171 7
529 626 9
835 692 7
246 873 7
250 600 5
30 535 5
110 156 7
758 397 8
46 268 8
826 929 7
619 191 6
160 198 2
15 683 3
94 340 4
557 676 6
495 430 2
366 959 1
849 180 4
801 9 6
462 911 8
858 197 8
239 473 7
922 686 2
938 52 7
785 672 8
11 191 9
274 16 2
487 831 1
640 556 5
129 91 2
679 562 9
838 956 8
163 192 5
274 697 9
693 857 4
983 509 1
755 757 5
606 645 5
178 63 5
544 247 5
799 7 6
238 47 5
665 774 1
858 392 8
961 210 5
117 508 4
485 660 10
348 796 6
378 239 3
826 657 9
548 764 5
382 753 9
870 242 3
141 61 9
198 734 7
920 790 4
766 349 4
593 14 2
30 850 4
727 486 6
588 939 4
664 841 1
705 166 6
996 135 7
47 191 2
504 780 9
262 198 2
106 711 6
388 890 8
722 713 10
391 110 10
878 71 8
535 638 4
849 15 4
103 452 7
895 856 1
66 400 8
147 225 10
692 31 8
316 473 6
397 201 5
447 686 4
591 77 4
558 553 9
583 91 8
742 110 10
927 215 5
824 660 7
862 649 2
613 843 1
410 453 5
75 561 2
1000 409 4
798 773 7
142 695 1
266 613 10
773 476 2
353 295 9
210 931 6
776 5 1
771 591 3
437 21 8
99 700 6
949 498 9
846 274 1
90 574 5
664 432 3
594 425 7
636 581 10
400 842 1
498 291 4
948 807 10
875 567 2
717 502 9
308 526 2
468 634 10
155 550 1
807 851 5
439 534 7
240 366 5
539 59 9
963 876 3
527 395 4
515 267 8
915 194 4
174 439 9
70 741 9
660 426 4
413 745 2
418 330 7
297 965 8
845 403 4
729 77 1
996 721 3
182 726 8
690 433 6
749 120 1
625 372 7
319 841 6
215 578 10
636 554 9
166 199 5
817 352 2
658 37 5
17 582 5
753 429 4
997 707 1
314 545 5
923 259 9
208 935 5
961 723 7
93 201 9
99 498 2
953 677 9
477 148 2
728 292 1
606 846 9
800 180 5
399 558 8
312 444 2
935 528 6
269 695 6
801 981 3
638 718 8
371 858 6
846 118 7
152 90 8
69 589 3
619 683 1
759 200 8
443 913 3
709 278 4
285 318 9
91 913 2
391 533 6
462 563 3
99 950 5
354 313 3
961 426 9
265 852 7
57 489 10
5 395 9
934 845 6
981 506 1
98 602 2
620 301 1
21 936 2
291 779 6
944 61 6
679 998 7
718 485 1
294 672 5
427 176 2
988 831 1
111 302 6
473 253 10
760 16 8
11 211 2
903 830 9
850 871 8
69 97 7
39 491 10
73 291 5
564 956 5
410 627 9
928 921 10
679 864 4
838 483 3
861 143 7
839 962 7
771 463 9
214 876 4
366 540 7
867 348 9
924 753 7
947 351 4
323 72 10
645 354 8
677 245 10
417 392 9
953 435 7
243 268 2
389 48 10
23 646 8
652 67 8
34 532 6
333 257 9
627 780 6
639 757 2
712 860 10
407 269 3
725 229 3
951 383 2
790 797 7
903 199 6
305 392 3
674 188 3
511 271 3
293 79 4
801 68 6
812 890 10
997 354 9
425 814 1
739 286 4
849 485 5
98 920 6
431 397 6
870 240 3
250 289 6
320 229 3
16 89 2
620 255 9
54 432 3
99 384 2
522 895 8
946 344 5
472 323 5
345 287 2
412 621 7
992 741 10
850 806 3
550 936 6
211 403 8
669 872 4
387 729 1
158 432 4
433 816 7
758 770 5
453 748 1
532 413 3
43 612 9
682 40 8
731 984 1
379 687 2
332 45 7
722 420 2
239 624 6
312 591 6
766 970 10
766 716 3
827 467 6
151 17 10
344 957 7
241 823 2
359 945 3
345 991 10
129 670 9
735 207 4
393 901 1
680 848 8
138 409 5
446 172 3
49 922 5
724 859 5
692 99 3
606 66 7
385 443 8
409 144 1
50 861 5
474 918 9
481 261 2
474 915 1
194 889 3
347 520 8
114 247 8
245 599 8
555 422 8
364 368 5
307 130 6
158 798 1
449 556 2
355 627 10
278 148 10
11 280 2
553 738 8
97 892 8
918 747 5
106 468 10
584 296 2
962 292 7
717 214 9
540 641 7
218 191 5
864 489 5
294 209 4
924 55 4
64 259 5
235 13 1
717 164 6
701 793 10
312 165 1
813 9 1
172 325 7
791 365 7
33 432 10
839 844 9
464 829 8
697 491 7
534 166 5
379 811 10
755 98 8
144 180 4
216 350 6
873 846 2
673 316 6
344 744 3
51 817 4
266 770 9
888 502 3
760 454 9
982 762 1
529 453 4
516 537 6
554 802 1
840 686 1
566 268 9
828 183 9
631 312 3
708 349 4
299 107 7
712 479 3
738 312 8
878 201 7
215 179 2
448 313 5
976 317 9
176 15 10
923 208 8
74 244 2
111 981 2
724 693 8
763 766 3
470 231 5
859 713 9
624 362 3
475 213 10
464 357 3
210 936 2
56 399 3
654 41 9
799 763 2
160 934 2
681 335 1
342 845 2
230 836 5
161 668 4
584 941 3
198 309 7
502 51 4
237 30 4
635 642 5
294 313 2
977 947 6
74 97 2
66 161 5
843 909 1
931 215 3
869 665 10
222 373 2
969 141 7
752 294 9
529 953 7
210 69 3
102 63 1
475 664 10
519 203 7
306 384 6
446 551 7
